1506117902.290380 1.0 1.74885196508e-17 -2.72029466247e-18 5.55111512313e-17 -1.74885196508e-17 1.0 2.07670395142e-18 0.0 2.72029466247e-18 -2.07670395142e-18 1.0 0.0
1506117902.390483 0.999950627415 -0.00523290920513 -0.00844744889231 -0.0625977812741 0.00528892067418 0.999964088154 0.00662191218999 0.0407302015891 0.00841249366357 -0.00666626313616 0.999942393784 0.256783821609
1506117902.490606 0.999851786658 -0.00664120164614 -0.0158839276375 -0.11989215003 0.00685242190166 0.999888330286 0.0132804845924 0.0811033720571 0.0157939555077 -0.013387359621 0.999785641811 0.515279313906
1506117902.590569 0.999527276844 -0.00622663127199 -0.0301073397818 -0.166815998503 0.00681545398578 0.999786733453 0.0194945427686 0.121563053571 0.0299795335637 -0.0196905224358 0.999356548432 0.783261989336
1506117902.690634 0.998960043661 -0.00613558757158 -0.0451794835494 -0.204629621708 0.00725710743214 0.999668527171 0.0247016229177 0.162136338622 0.0450129488076 -0.0250038066742 0.998673442168 1.06008085219
1506117902.790709 0.998453836922 -0.00418651690265 -0.0554293118503 -0.241925522352 0.00584653973391 0.999538178361 0.0298202610914 0.20316722378 0.0552788703675 -0.0300982237788 0.998017205972 1.34082518647
1506117902.890749 0.997355832546 -0.002476189047 -0.0726306531254 -0.28239987232 0.00495858018435 0.999408922258 0.0340179157823 0.245706946177 0.0725034879725 -0.0342881116339 0.996778596095 1.62995701297
1506117902.990734 0.996238467498 -0.00236365114462 -0.0866217584113 -0.327435575623 0.0057584860062 0.999224077145 0.0389625909488 0.289459622213 0.0864624526365 -0.0393148420802 0.995479074354 1.92465347889
1506117903.090779 0.994301199175 -0.0048627544205 -0.106496379929 -0.385099430419 0.00969806847079 0.998942934081 0.0449328601109 0.335162553611 0.106165308771 -0.0457096058751 0.99329731659 2.22326769139
1506117903.190780 0.991872955874 -0.00626635839644 -0.127077819299 -0.453960142447 0.0127826797385 0.998640852516 0.0505277229373 0.381794921087 0.126588476979 -0.0517414769693 0.990604955094 2.51885267305
1506117903.290779 0.989454862337 -0.00668478824341 -0.14468721092 -0.535038591112 0.0148939584239 0.998334849883 0.0557287853101 0.430020272168 0.144073749865 -0.0572960829011 0.987906834415 2.81566115817
1506117903.390742 0.985723105782 -0.00440416642214 -0.168316850153 -0.621838152081 0.0148420965906 0.998039251819 0.0608059536372 0.478817844654 0.167719023656 -0.0624360084171 0.983855718059 3.11136663804
1506117903.490805 0.982089246401 -0.00350812682936 -0.188383664765 -0.716891414671 0.0162186787606 0.997689613461 0.0659726432051 0.528329198544 0.187716985282 -0.0678463575909 0.979877137808 3.40541164506
1506117903.590739 0.976526162389 -0.00247871273261 -0.215384563407 -0.825788427421 0.0183544394068 0.997254476416 0.0717399736731 0.578917348463 0.214615397222 -0.0740092240991 0.973890582162 3.69531951705
1506117903.690682 0.970756317334 -0.00170056390667 -0.240060993162 -0.941252978647 0.020947382847 0.996760915909 0.0776458863543 0.629379757489 0.239151373627 -0.0804038842238 0.967647578354 3.97854265821
1506117903.790629 0.96458938675 0.00132260232003 -0.263752849638 -1.06712225904 0.0212104809074 0.99635980535 0.0825666626585 0.680306177499 0.262901940785 -0.0852372512813 0.961050040594 4.25570491265
1506117903.890636 0.955930256215 0.00298234409569 -0.293578696224 -1.19708169109 0.0236655266051 0.995911868185 0.0871750747591 0.731162854407 0.292638493885 -0.0902809859962 0.951951708578 4.52867891272
1506117903.990579 0.94842428712 0.00682370518872 -0.316930289889 -1.33234217444 0.0234316304812 0.995524379965 0.091554178436 0.781245701206 0.316136569056 -0.094258399857 0.94401960984 4.79090767357
1506117904.090575 0.937746960461 0.0097923804588 -0.347181144983 -1.47733583284 0.0261901287909 0.994762800134 0.0987980193295 0.83122342933 0.346330355731 -0.101740261227 0.9325793285 5.04418968635
1506117904.190431 0.926186190931 0.0123907775463 -0.376862850862 -1.63087350334 0.0294548030434 0.994028403041 0.10507115934 0.880629871336 0.37591429117 -0.108415877892 0.920290412378 5.28540976704
1506117904.290362 0.912671239854 0.0155565222477 -0.408398338094 -1.79352985647 0.032240548519 0.993420643218 0.109890730548 0.93000077964 0.407420857313 -0.113461095733 0.906164899332 5.51792521547
1506117904.390300 0.899521644436 0.0188667986298 -0.436468618688 -1.96997420861 0.0336694111151 0.993101794823 0.112317389009 0.980542627183 0.435576838165 -0.115727563821 0.892681325573 5.74670975134
1506117904.440248 0.891229368441 0.0208831391436 -0.453071856694 -2.06379462593 0.0347022345585 0.99287151729 0.114025896495 1.00675663493 0.45222336046 -0.117345833562 0.884151563704 5.86336054696
1506117904.540131 0.875280995996 0.0254258136416 -0.48294586244 -2.26135490493 0.0365464669824 0.992283990354 0.118477163361 1.05860107959 0.482231825784 -0.121350774565 0.86759809573 6.08358209075
1506117904.590159 0.866263132795 0.0280331014293 -0.498800892126 -2.36526342242 0.037929891616 0.991852293748 0.121615585796 1.08528467076 0.49814607103 -0.124270562125 0.858141782753 6.19509890153
1506117904.640087 0.856711236463 0.0297761035845 -0.514936152326 -2.47006935796 0.0401522360843 0.991452894154 0.124132818427 1.11152006535 0.514231130188 -0.127021818317 0.848193257705 6.30237661415
1506117904.690111 0.846468492975 0.0323049247026 -0.531457883789 -2.57668776261 0.0419372144017 0.991011452866 0.127033737005 1.13769649139 0.530784664859 -0.129817919137 0.837505192474 6.40759287304
1506117904.740053 0.836835092004 0.0334878813018 -0.546429858808 -2.68485311967 0.0442854413136 0.990715390387 0.128537212272 1.16378708933 0.545660909795 -0.131763337302 0.827582379262 6.51066763099
1506117904.790078 0.826589304295 0.0349779310088 -0.561717603754 -2.7953837501 0.046392354844 0.990435650274 0.129942187447 1.1900033937 0.560890249012 -0.133468224716 0.817060806522 6.61255113069
1506117904.840092 0.815581251734 0.0357252131658 -0.577538683522 -2.90613074501 0.0494259582565 0.990143471638 0.131045718064 1.21584352509 0.57652779332 -0.135423833636 0.8057766991 6.71140596793
1506117904.890085 0.803957783672 0.0367587962981 -0.593549216972 -3.01761787285 0.0517621110727 0.989974348593 0.131420976199 1.24143884456 0.592429376323 -0.136380277249 0.79399487029 6.80755287029
1506117904.940036 0.79298206012 0.0385021754835 -0.608027166178 -3.13121472864 0.0534217461132 0.989762808144 0.132346895156 1.26690649757 0.606898318806 -0.137430586473 0.782807297189 6.90089545988
1506117904.990031 0.780939008574 0.0408574832482 -0.623269549192 -3.244732426 0.0551023550061 0.989461151176 0.133904297115 1.29186222198 0.622171998213 -0.138914708997 0.770457466875 6.99047349533
1506117905.040036 0.768679201554 0.0427792152041 -0.638202337699 -3.35961232415 0.0573849253827 0.989125228103 0.135418807667 1.3165889382 0.637055143168 -0.140716814481 0.757865108503 7.07715229038
1506117905.090006 0.756821848837 0.0462419857985 -0.651983410734 -3.47657557491 0.0579686247117 0.988814900516 0.137421727057 1.34110523623 0.651045564973 -0.141798347197 0.745676136845 7.16029165704
1506117905.139999 0.744615917486 0.0489099748323 -0.665698843163 -3.59761571391 0.0594069493149 0.988498184164 0.139076073707 1.36556798961 0.664844304931 -0.143105395659 0.733145889939 7.23942856288
1506117905.190044 0.731775875393 0.053460919054 -0.67944536081 -3.72265895772 0.0586594180816 0.988279048107 0.140938269261 1.39036186052 0.679016303827 -0.142991094849 0.72006277916 7.31733002165
1506117905.240008 0.719743699626 0.0565350324878 -0.691934098704 -3.85064293374 0.0592389048056 0.988042324577 0.142348575696 1.41526299232 0.691707856689 -0.143443908713 0.70778816467 7.39353379716
1506117905.289971 0.707310919854 0.0598451754552 -0.704364832761 -3.98219987447 0.0595077613874 0.987832528634 0.143686191778 1.44043436186 0.704393419184 -0.143545986875 0.695143482069 7.46857670248
1506117905.339991 0.69458718309 0.063135018752 -0.716632831019 -4.11642926816 0.0596212962348 0.987663054705 0.144799832204 1.46576572419 0.716933711108 -0.143302685872 0.682253907353 7.54241583367
1506117905.440013 0.669063477719 0.0687201078543 -0.740021357502 -4.3885010032 0.0618186809083 0.987119687838 0.147557353505 1.51649635126 0.740629808658 -0.144472380264 0.656197544851 7.68770781241
1506117905.540023 0.644265762227 0.0726384174972 -0.761344395084 -4.66747688156 0.0688485872847 0.985929221498 0.152326761355 1.56758724538 0.761696461624 -0.150556403051 0.630199388963 7.83045733449
1506117905.590001 0.632139965097 0.074538599515 -0.771260696334 -4.80879002931 0.0751899612162 0.984764081244 0.15679978962 1.59319130962 0.771197467747 -0.157110475383 0.61690417754 7.90126334346
1506117905.690018 0.607651912533 0.0797764061363 -0.790186609744 -5.09619417873 0.0823250212506 0.983255593783 0.162576222646 1.64480378152 0.78992515093 -0.163841882062 0.590909547741 8.04068725952
1506117905.790093 0.580714218803 0.0828150061387 -0.80988435646 -5.38674371699 0.0910373230782 0.981967220865 0.16568821006 1.69672801807 0.809001360868 -0.169947203285 0.562703071085 8.17947972975
1506117905.890167 0.555568909292 0.0902836886762 -0.8265543192 -5.67878480501 0.0902256104438 0.981671169746 0.167872134998 1.74886797938 0.826560660961 -0.167840906956 0.537240080135 8.31751935608
1506117905.990233 0.531104356438 0.0990142580522 -0.841501241398 -5.9735693441 0.0902367959187 0.980890829661 0.172367343049 1.80104475375 0.84248767542 -0.167479422586 0.512020663426 8.45382266318
1506117906.090302 0.507322406988 0.106579709859 -0.855140187814 -6.27934438051 0.0872767185379 0.980865560265 0.174027374537 1.85425840796 0.857325346511 -0.162921816014 0.488313149625 8.58757300433
1506117906.190369 0.483986404147 0.108319650955 -0.868345561293 -6.60052450401 0.0930359522782 0.980315670308 0.174142177923 1.90844671081 0.870115780908 -0.165069802705 0.464381834325 8.71581895881
1506117906.290439 0.461025998321 0.109779332983 -0.880570001148 -6.93476579547 0.101087607339 0.979361612885 0.175020361245 1.96260695331 0.881610075098 -0.16970365128 0.440413835191 8.8325888203
1506117906.390512 0.438524006749 0.106118542292 -0.892432378663 -7.27598843733 0.111711583192 0.978866940765 0.171289329666 2.01603000426 0.891749526316 -0.17480951707 0.417401982573 8.93719256479
1506117906.490587 0.416283950039 0.111540303535 -0.902367127962 -7.62411866803 0.114421971196 0.978130395775 0.173690936344 2.06919519691 0.902006255769 -0.175555374592 0.394417323409 9.03364768352
1506117906.590680 0.395070588924 0.116935891041 -0.91117793386 -7.97545031082 0.114703332459 0.977824269414 0.175222269327 2.12235815862 0.911461669677 -0.173740310613 0.372896673595 9.12687695077
1506117906.690719 0.370859529901 0.118794235688 -0.921059791028 -8.32947192684 0.115097300274 0.978259289082 0.172514853837 2.17516544721 0.92152906658 -0.169990272933 0.349123884255 9.2144384521
1506117906.790878 0.347711896388 0.119698061272 -0.929929465733 -8.68889191653 0.11320920532 0.979201233181 0.16837048663 2.22762723665 0.930741700442 -0.163820997021 0.32692899534 9.29412929197
1506117906.890916 0.33050735977 0.120168415485 -0.936122020389 -9.05453286395 0.116024519091 0.979164762158 0.166657371628 2.27952098343 0.936644647723 -0.163694595109 0.309678677704 9.36482810506
1506117906.991063 0.314094174081 0.119714926902 -0.941813774631 -9.42923526441 0.11960386283 0.979124871194 0.164345375981 2.33117923273 0.941827885447 -0.164264490645 0.293219050043 9.42567215523
1506117907.091164 0.298047716904 0.119946968983 -0.94698483783 -9.81199812989 0.124049732162 0.978793457555 0.163018500171 2.38253045203 0.946456138656 -0.166060507283 0.276847765969 9.47722296708
1506117907.191310 0.282749866065 0.123286494934 -0.951237590409 -10.2048840093 0.126998944632 0.978162820483 0.164525878471 2.43407403326 0.950749063267 -0.167325840178 0.260918151737 9.52143957147
1506117907.241378 0.274786189169 0.12355220115 -0.953534165006 -10.403803962 0.126125459195 0.978508793451 0.163134636674 2.45980009264 0.953197208758 -0.165092079553 0.253297624316 9.54044934994
1506117907.291456 0.267500237089 0.124289297344 -0.955508133782 -10.6036753628 0.127037255791 0.978440400385 0.162837092014 2.48553684027 0.955146668736 -0.164944091923 0.245943667822 9.55903954339
1506117907.341492 0.25584231333 0.125211568592 -0.958575387646 -10.8029285867 0.129943169116 0.978123642513 0.162446645878 2.51100565885 0.957945449131 -0.166121049382 0.23397502739 9.57632976767
1506117907.391608 0.249716016293 0.126577620032 -0.960010425628 -11.0032577857 0.131251849173 0.977845127794 0.163070101911 2.53639697594 0.95938254273 -0.166724359815 0.227570043171 9.5920448237
1506117907.441670 0.243101488013 0.127026777654 -0.961647474018 -11.2045068219 0.130440259554 0.978102511473 0.162175262407 2.56171962168 0.961190410488 -0.16486259372 0.221208770121 9.60597991372
1506117907.491757 0.237080212494 0.127593003818 -0.963074762529 -11.4068037558 0.132783669225 0.977778324288 0.16222837526 2.58698372908 0.962372833174 -0.166341738385 0.214869625679 9.61901282177
1506117907.541917 0.229732261422 0.12955082881 -0.964593007862 -11.6091120405 0.130455906668 0.978058265843 0.162429323189 2.61217052371 0.964471017956 -0.163152111144 0.207790866383 9.63093871323
1506117907.591939 0.2247324842 0.131185366419 -0.965549434355 -11.8112029577 0.138003734874 0.976623012005 0.164810380689 2.63717759136 0.964598507 -0.17028767442 0.201374845088 9.64307822971
1506117907.642036 0.216804138921 0.134352333106 -0.966925755131 -12.015308533 0.131323359848 0.97746739765 0.165262402531 2.66271363432 0.967341790943 -0.162809511764 0.194275377684 9.65561873805
1506117907.692161 0.211160985562 0.128778455923 -0.968930930184 -12.2215143651 0.135369534879 0.977877682195 0.159468892552 2.68859301708 0.968032089965 -0.164837337867 0.189056935451 9.66930913614
1506117907.742228 0.204951847081 0.133715816829 -0.969595183934 -12.4288990965 0.136226586292 0.977085267405 0.163544175705 2.71468384671 0.969245612611 -0.165603322882 0.182039781051 9.68448722891
1506117907.792337 0.199038686866 0.133583484324 -0.970844505493 -12.637911558 0.136806427364 0.977178055271 0.162502460685 2.74139849075 0.970395590758 -0.16516204471 0.17622115771 9.70228865732
1506117907.842438 0.192462331161 0.128079062768 -0.972910070235 -12.8492434062 0.13508199103 0.978549466019 0.155543557417 2.76870512049 0.971962502766 -0.161358905039 0.171032736579 9.72151756473
1506117907.892489 0.186324749635 0.129572894873 -0.973906542019 -13.0635413434 0.135887087213 0.978339762416 0.156160202368 2.79635871041 0.97304562442 -0.161437833822 0.164681628024 9.7420276006
1506117907.942632 0.180153407897 0.128436897692 -0.975217264477 -13.281231682 0.140330472293 0.977941382839 0.154719133518 2.82445680882 0.973576965714 -0.164725878483 0.158155862329 9.76305219005
1506117907.992805 0.173785368828 0.124862587454 -0.976835697462 -13.50104855 0.143399645008 0.9781480614 0.150542059877 2.8528325646 0.974287014895 -0.166239899647 0.152082570903 9.78378866639
1506117908.042843 0.168151715365 0.123022080959 -0.978054481211 -13.7221782704 0.14755627688 0.977862227937 0.148366466316 2.88107446719 0.974654885471 -0.169266153647 0.146276530778 9.8027144599
1506117908.092912 0.162217640611 0.122748944384 -0.979090462484 -13.945190263 0.148313670404 0.977927535973 0.147176049538 2.90940250381 0.975545228191 -0.169087051659 0.140431751094 9.82037507391
1506117908.143066 0.157075801725 0.121559360111 -0.980076790095 -14.1695976067 0.152368933852 0.977530481289 0.14566353747 2.93783074724 0.975761702727 -0.17221347253 0.135024513959 9.8378788504
1506117908.193142 0.151923884775 0.121364142511 -0.980912778053 -14.3949567524 0.155694728562 0.977103959251 0.14500691126 2.96631124194 0.976052398559 -0.174752961999 0.129549672093 9.85496570592
1506117908.243253 0.145471407993 0.118958518593 -0.982184779108 -14.6204031555 0.152707099432 0.978148741522 0.141087140595 2.99497201242 0.977506322864 -0.170510733715 0.124126864329 9.87222941439
1506117908.293332 0.136638014213 0.118478580601 -0.983510487494 -14.8435533313 0.157150854035 0.97765725095 0.139606263258 3.02270029576 0.978076511398 -0.173635035646 0.114966135224 9.88555420454
1506117908.343440 0.130717571897 0.123354531654 -0.983715698725 -15.0644480465 0.149403274037 0.978447273805 0.142546813684 3.05011371678 0.980097739057 -0.165603719478 0.109470680965 9.89773027853
1506117908.393566 0.127900536176 0.117023695783 -0.984858826163 -15.2842567968 0.15617868727 0.978248598 0.136520687637 3.07735978716 0.97941292134 -0.171275027765 0.106841913011 9.90999909306
1506117908.443676 0.121726376636 0.122263888667 -0.985004685653 -15.5054123587 0.147282744006 0.979173220123 0.13974118331 3.10450837859 0.981575510366 -0.162084380873 0.101183847169 9.91982607587
1506117908.493762 0.118017713874 0.126804473739 -0.984881944525 -15.725948038 0.149142623235 0.978299444969 0.143828626874 3.1312051408 0.981747573028 -0.163862202517 0.0965447121282 9.92805572389
1506117908.543883 0.114716290238 0.12582394113 -0.985397639835 -15.947455672 0.154989330251 0.97753184853 0.142862845478 3.1577949959 0.981233142664 -0.169114815875 0.0926374588872 9.93437499266
1506117908.593999 0.109642190336 0.133821983141 -0.984921452161 -16.1700798336 0.15399587804 0.976643831781 0.149840232882 3.1841609111 0.981969378161 -0.168102655159 0.0864733350999 9.9382718454
1506117908.644046 0.106973241905 0.134180343432 -0.985166159058 -16.3918701309 0.16234929956 0.975195992016 0.15045092917 3.21007466692 0.980917647129 -0.176035259515 0.0825357919877 9.93964743485
1506117908.694161 0.102099523389 0.132392066948 -0.985924960599 -16.6166785701 0.158842294921 0.976218063699 0.147537850915 3.23624413523 0.982010597024 -0.171670127622 0.0786419392838 9.93852934111
1506117908.744224 0.0990349159161 0.132224829637 -0.986259945378 -16.8437801307 0.164411896743 0.975336033237 0.14726965227 3.26235770226 0.981407567547 -0.176737705931 0.0748529870043 9.93627569727
1506117908.794388 0.0952417571375 0.13124774178 -0.986763922109 -17.0758439022 0.167195231763 0.975078991805 0.145831115392 3.28900082523 0.981312774896 -0.178871434327 0.0709242399221 9.93318828419
1506117908.844401 0.0915697635201 0.128894981212 -0.987421420786 -17.3101661244 0.166369480938 0.975670208415 0.142789496198 3.31595440587 0.981802512841 -0.177351989643 0.0678976991384 9.92985902129
1506117908.894556 0.0889226886634 0.125738630307 -0.988070115067 -17.5482104286 0.167996372106 0.975894677627 0.139308280944 3.34331275404 0.981768798852 -0.178379861612 0.0656555448618 9.92650923188
1506117908.944622 0.0855635801946 0.127171433033 -0.988183333377 -17.7871872008 0.165570712042 0.976214864771 0.139967414474 3.37074591572 0.982479115838 -0.175590331229 0.0624725741503 9.92300954207
1506117908.994778 0.0839821509424 0.12554264288 -0.988527209105 -18.0267851598 0.1700287253 0.975678159837 0.138355921415 3.39819122901 0.981853976361 -0.179697449164 0.0605936949509 9.91949025892
1506117909.044795 0.0806796910557 0.125739236981 -0.988777240704 -18.2663514823 0.167346703178 0.976220780499 0.137797201197 3.42574118768 0.982591404596 -0.17658604703 0.0577191442039 9.91617024536
1506117909.094891 0.0776267102789 0.125363920093 -0.989069250048 -18.5056536143 0.168209127224 0.976194047111 0.136933823082 3.45341026731 0.982690074932 -0.177000197526 0.0546913768869 9.91433864411
1506117909.144955 0.075662076573 0.124960443105 -0.989272529603 -18.7464683415 0.172666593564 0.975486774968 0.136425068552 3.48103296559 0.982070006484 -0.181136521776 0.0522308610223 9.91123599819
1506117909.195117 0.0734798813133 0.128375194491 -0.988999755552 -18.9880608786 0.173558365919 0.974902013296 0.139440159536 3.50863529386 0.982078510437 -0.181895227841 0.0493550952486 9.90736677732
1506117909.245167 0.0719408589079 0.127498078905 -0.989226340478 -19.2289379119 0.176972994725 0.974427585865 0.138460965777 3.53591287089 0.981582941966 -0.185027348738 0.0475374406251 9.90139204083
1506117909.295265 0.0700512442594 0.128631849652 -0.989215179035 -19.4695710451 0.178542656933 0.974021624144 0.139299660283 3.56296023394 0.98143534827 -0.186375220871 0.0452651545037 9.89391875756
1506117909.345489 0.0680862933708 0.134981920611 -0.988506013013 -19.70913196 0.180201013986 0.972845557936 0.145255344006 3.59005830675 0.981270529066 -0.188019683842 0.0419135690981 9.88846748515
1506117909.395479 0.066768192774 0.136943797948 -0.988326061903 -19.948849596 0.183779743274 0.971900947815 0.14708349193 3.61733680585 0.980697208315 -0.19145480887 0.0397245738112 9.88391153537
1506117909.445512 0.0643600720504 0.138074210161 -0.988328535262 -20.1888791568 0.181963914626 0.972154533236 0.147664136752 3.64493155454 0.981196674933 -0.189343803693 0.0374434120134 9.88076838408
1506117909.495549 0.0630887618669 0.139517692779 -0.988207782568 -20.4299067814 0.184063450531 0.971567644699 0.148919300133 3.67277225884 0.980887584948 -0.191288068565 0.035614891831 9.87911023181
1506117909.545676 0.0616643142389 0.140764988762 -0.988120807537 -20.6721349177 0.184891629449 0.971259340357 0.149901231245 3.70070204311 0.980822408853 -0.191938822827 0.0338657730297 9.87689390626
1506117909.595732 0.0596770465532 0.13960307042 -0.988407624841 -20.9149655 0.183450093028 0.971773798603 0.148329861178 3.72883276402 0.981215936215 -0.190175358757 0.032382393963 9.87511100507
1506117909.645812 0.0587963869039 0.138014424499 -0.988683469831 -21.1586742137 0.187628827401 0.971218000709 0.14673451614 3.75665028218 0.980478662703 -0.194132979498 0.0312086247044 9.87073289821
1506117909.695852 0.0562220107561 0.139455131994 -0.988631049314 -21.4038474107 0.186568201539 0.971288340129 0.147618652289 3.78431755936 0.980831989528 -0.192746534313 0.0285898903346 9.86368051255
1506117909.745931 0.0551007635442 0.13760484222 -0.988953392863 -21.6507558989 0.191087740614 0.970697517482 0.145711375469 3.81185021084 0.980025194188 -0.19700567746 0.0271915759863 9.85426617519
1506117909.795926 0.0529320078485 0.137854711159 -0.989037047413 -21.8982223234 0.1915258497 0.97063684326 0.145540260422 3.83930835566 0.980059208131 -0.197129899098 0.0249750163156 9.84359001704
1506117909.845959 0.0525719758527 0.138342983847 -0.988988071806 -22.1443472909 0.194432924204 0.969986518364 0.146020519716 3.86639974789 0.979506010875 -0.19996843004 0.0240956769284 9.83163777924
1506117909.896033 0.0518405085827 0.139853305007 -0.988814246837 -22.3918536207 0.195909276072 0.969482204532 0.14738999506 3.89339814026 0.979250793831 -0.201358655572 0.0228598908046 9.81771216338
1506117909.946087 0.0510223435487 0.140349789283 -0.988786456778 -22.6393556322 0.196743035562 0.969261508006 0.14773052175 3.92052278044 0.97912659979 -0.202074406462 0.0218411500661 9.80455642469
1506117909.996071 0.0503917819936 0.139910415033 -0.988881056585 -22.8870628592 0.198060603741 0.969073736112 0.147200853341 3.94773064328 0.978893592559 -0.203276092407 0.0211226111747 9.79178968823
1506117910.046197 0.0499806054381 0.14146196794 -0.988681167367 -23.135694781 0.198930768453 0.968673332279 0.148655725398 3.97522623667 0.978738212416 -0.204109007537 0.0202737416299 9.78060732009
1506117910.096240 0.0499130172538 0.143069582568 -0.988453228662 -23.3845538108 0.19977055212 0.968256927114 0.150233982843 4.00302195067 0.978570598993 -0.204962478612 0.019747535208 9.7715267968
1506117910.146266 0.0491150341726 0.144066685409 -0.988348371564 -23.6343851844 0.197989798157 0.968501536879 0.151012624929 4.03097361514 0.978972805161 -0.203099884828 0.0190442521148 9.76240573992
1506117910.196293 0.0494113806344 0.146680499208 -0.987949060739 -23.8858031088 0.199452071578 0.967784497638 0.153662087955 4.05913803083 0.97866101721 -0.204641142695 0.0185638387578 9.75405985172
1506117910.246349 0.0485286865101 0.148518029072 -0.987718260247 -24.1390033769 0.19752418847 0.967926958197 0.155246895505 4.0876565764 0.979096094137 -0.202632175716 0.0176363207535 9.74635527839
1506117910.296326 0.0489267560062 0.146470681395 -0.988004307702 -24.3937940559 0.199577004717 0.967806719432 0.153359619879 4.11638563728 0.978659895845 -0.204686329082 0.0181194633511 9.73879977255
1506117910.346394 0.0479659097979 0.14850786465 -0.987747278222 -24.6507198667 0.197774986261 0.967894936106 0.155127197712 4.14542338502 0.979073197625 -0.202792521552 0.0170548203083 9.73177927367
1506117910.396449 0.0482044367716 0.145843107704 -0.988132643025 -24.9095427767 0.201476659555 0.967528302904 0.152630726703 4.1749106908 0.978306438663 -0.206443142329 0.0172551747427 9.72651420195
1506117910.446501 0.0476296115939 0.144235081544 -0.988396510188 -25.1696658391 0.200851283503 0.967925582234 0.150926568807 4.20469458787 0.978463173561 -0.205709281533 0.0171321182792 9.72202219969
1506117910.496563 0.0481824610097 0.144431792999 -0.988340987525 -25.430068985 0.202187049493 0.967595846985 0.151256979721 4.23446633633 0.978160951719 -0.207117681688 0.0174189110911 9.71764104373
1506117910.546533 0.0488499615569 0.14407283637 -0.98836061186 -25.6897298582 0.203557866858 0.967337728131 0.151069237683 4.2641254185 0.977843482412 -0.20856830429 0.0179272515881 9.71299649892
1506117910.596589 0.0489251320689 0.143962169841 -0.988373019212 -25.9482658939 0.202004870562 0.967682174878 0.150947807845 4.2938853767 0.978161726772 -0.207041305247 0.018262918722 9.70984292719
1506117910.646628 0.0500678462201 0.144107766004 -0.988294572763 -26.2062727543 0.204418160344 0.967108559568 0.15137453462 4.32374738648 0.977602386708 -0.209604355363 0.0189627982209 9.70840447749
1506117910.696612 0.0499776284712 0.1453195803 -0.988121680884 -26.4620265248 0.201893930527 0.967463057272 0.152492864193 4.3533812075 0.978131421369 -0.207117001704 0.0190123679866 9.70682884415
1506117910.746681 0.0508416453716 0.144828870649 -0.988149647231 -26.7161486429 0.204052308761 0.967050712803 0.152235259241 4.38287893679 0.97763888138 -0.209374107983 0.0196137839654 9.70595682454
1506117910.796693 0.0506872559585 0.146948363126 -0.98784461362 -26.9689023905 0.200965989786 0.967383064786 0.154216331545 4.41221633208 0.978285987344 -0.2063399732 0.0195023697718 9.70484269679
1506117910.846727 0.0513885111142 0.148397494651 -0.987591719541 -27.2201491873 0.202062444905 0.966900378568 0.155802523358 4.44120005999 0.978023511621 -0.207561657122 0.0197020102633 9.70273441144
1506117910.896745 0.0520838701315 0.153120968071 -0.986833947333 -27.4703127598 0.20385436885 0.965737475649 0.160606738423 4.46983544996 0.977614784449 -0.209535432 0.0190849669591 9.69940381382
1506117910.946774 0.0532498740015 0.157147805568 -0.986138437606 -27.7187844352 0.20443466848 0.964907368256 0.164803631659 4.49812287964 0.977430773632 -0.210376657188 0.019254736249 9.69471667832
1506117910.996775 0.0544703733026 0.160220191639 -0.985577226108 -27.9663968746 0.20592614556 0.964021684495 0.168097038635 4.52627369311 0.977050357457 -0.212112427769 0.0195170945213 9.68972557156
1506117911.046812 0.055076515875 0.163720163242 -0.984968164738 -28.214051922 0.204343338405 0.963738136307 0.171617611789 4.55446333504 0.977348646824 -0.210723783125 0.0196242140426 9.68471400395
1506117911.096790 0.0560732030433 0.163752396561 -0.984906568422 -28.4622652962 0.205181830007 0.963513715489 0.171877097658 4.58270718969 0.977116273805 -0.21172263149 0.0204282838093 9.67945762758
1506117911.146786 0.0569519697177 0.162706861188 -0.985029416042 -28.7126425151 0.204771760219 0.963751384763 0.171031560199 4.61113077336 0.977151472067 -0.211446791628 0.0215697693151 9.67338652346
1506117911.196830 0.0571985112919 0.160393154583 -0.985394523157 -28.965768118 0.203321472515 0.964453952297 0.168786707752 4.63981438399 0.977439874939 -0.210006213866 0.0225539579098 9.66657852387
1506117911.246885 0.0579352903403 0.157992070018 -0.985739320482 -29.2200571896 0.203378602728 0.964823264815 0.166592951904 4.66862550623 0.977384594766 -0.210129896691 0.0237651095319 9.65986187923
1506117911.296837 0.0586055839237 0.156988757819 -0.985859987753 -29.4741225702 0.202779798249 0.965096699481 0.165736882053 4.69751315274 0.977469047569 -0.209625596169 0.024725906978 9.65402926773
1506117911.346816 0.0587213149279 0.153692424102 -0.98637236678 -29.7283060318 0.20105931003 0.966008529303 0.162489000132 4.72662605161 0.977817447698 -0.207860915247 0.0258239983254 9.6494029433
1506117911.396842 0.0598063934423 0.149242140738 -0.986990364052 -29.9835309926 0.203344461538 0.966205898127 0.158420934181 4.75593386438 0.977278990496 -0.21017360884 0.0274377273426 9.64562948601
1506117911.446832 0.060159642429 0.148895911605 -0.98702118768 -30.2401831976 0.201776647 0.966585195488 0.158111494168 4.78539831548 0.977582222705 -0.208669756721 0.0281057019422 9.64187086266
1506117911.496814 0.0613200687428 0.14487162881 -0.987548510371 -30.4973310367 0.203750042653 0.966759476549 0.154473410728 4.81495127309 0.977100695573 -0.210685371274 0.0297641570106 9.63827465074
1506117911.546811 0.0616165379693 0.144286625966 -0.987615700471 -30.7534035202 0.202653676778 0.967076647418 0.153929351674 4.84443694451 0.977310027339 -0.209628546686 0.030347699703 9.63521219661
1506117911.596814 0.0624339255916 0.144324933239 -0.987558767153 -31.0072268876 0.202441606991 0.967088812283 0.15413184264 4.87380758669 0.977302103085 -0.209546039815 0.0311617795326 9.63345678787
1506117911.646912 0.0633830958661 0.143054648533 -0.987683122611 -31.2596482991 0.202840424273 0.967169079352 0.153100405701 4.90323434136 0.977158301116 -0.21004604133 0.0322849048725 9.63328238791
1506117911.696848 0.0644178887822 0.143928787209 -0.987489159342 -31.5079534292 0.203532387883 0.966849331465 0.154197721542 4.93215796379 0.97694672459 -0.210919118287 0.0329882229577 9.63323271746
1506117911.746858 0.0656950386038 0.144965463082 -0.987253349661 -31.7539092999 0.205027759921 0.96631907793 0.155534746246 4.96070211056 0.976548913043 -0.212632203914 0.0337604249665 9.63248570234
1506117911.796803 0.066641242676 0.143347771685 -0.987426129454 -31.9959547732 0.204758505817 0.966599078032 0.154143363928 4.98881167829 0.976541294094 -0.212456204194 0.0350636881872 9.63138004716
1506117911.846853 0.0678646110655 0.141696577889 -0.987581122936 -32.2360728304 0.205359500457 0.966683274777 0.152810084216 5.01652607441 0.976330820028 -0.213179562999 0.0365048460145 9.62906411262
1506117911.896811 0.0693504577941 0.142264405639 -0.987396249179 -32.4728820437 0.205990161111 0.966406683955 0.153708082848 5.04379524336 0.976093523966 -0.214053638361 0.0377156781095 9.62658243805
1506117911.946816 0.0705159139904 0.141324158728 -0.987448726787 -32.7081450183 0.205884622384 0.966536171741 0.153033822999 5.07088910616 0.976032288472 -0.214091828138 0.0390597105017 9.62386587424
1506117911.996736 0.0712125958582 0.139683906942 -0.987632103737 -32.9410563247 0.205202584094 0.966914965835 0.151549821266 5.0979538548 0.976125332973 -0.213456915995 0.0401930260305 9.62286321457
1506117912.046800 0.072092596104 0.140046916163 -0.987516844849 -33.1736439707 0.204869701844 0.966902355515 0.152079716486 5.12505113817 0.9761306587 -0.213276103146 0.0410151310297 9.62269057589
1506117912.096786 0.0730184965253 0.140537361524 -0.987379131429 -33.4042007729 0.203898735915 0.967007236175 0.152716438789 5.15193781246 0.976265130309 -0.212476481523 0.0419540241511 9.62266868334
1506117912.146766 0.0738311576921 0.14432724354 -0.98677181097 -33.6336664492 0.202506316145 0.966688139954 0.156541470526 5.17875349447 0.976493805446 -0.211385162311 0.0421445260914 9.62344296967
1506117912.196767 0.0752576344879 0.149481949381 -0.985896259888 -33.8616497869 0.204351048143 0.965404114237 0.161973903261 5.20536783497 0.976000480315 -0.213658706876 0.042107236928 9.62451815739
1506117912.246729 0.0762979222663 0.148834822648 -0.985914206524 -34.0869465803 0.204171209005 0.965512296276 0.161555325362 5.23180617193 0.97595734767 -0.213621631178 0.0432787964464 9.62570145803
1506117912.296746 0.0767240173477 0.154414567733 -0.985022622296 -34.3127237593 0.202173794947 0.965002019218 0.167023529902 5.25807461961 0.976339685662 -0.211960477864 0.0428202525095 9.62571867032
1506117912.346784 0.0793956793445 0.155603851165 -0.984623668009 -34.5379095307 0.212735800053 0.962342154702 0.16923668828 5.2841660302 0.973878742697 -0.222901365601 0.0433032993653 9.62572684945
1506117912.396763 0.0800286513133 0.159656067637 -0.983923449784 -34.7648128329 0.213110163819 0.961525867271 0.17335531329 5.31047098181 0.973745076006 -0.223557479489 0.0429252876318 9.62507660724
1506117912.446744 0.0808417681485 0.159313435984 -0.983912515236 -34.9918437436 0.212700349348 0.961647379274 0.173184523914 5.33689983525 0.973767513275 -0.223279078848 0.0438552509862 9.62465276732
1506117912.496707 0.0830328228843 0.162732830537 -0.983170166446 -35.2205484769 0.216879022252 0.959979106991 0.177210620018 5.36353872585 0.972660804202 -0.227943282432 0.0444164379882 9.62529371547
1506117912.546686 0.0828583072351 0.167610709026 -0.982365080376 -35.4496589765 0.214888385628 0.959560058911 0.181844645411 5.39057079938 0.973117404348 -0.226166185718 0.0434899274952 9.62806290214
1506117912.596688 0.0838537480827 0.16729752191 -0.982334000275 -35.679479031 0.216249405852 0.959257615671 0.181826899126 5.41804089532 0.972730560536 -0.227676010902 0.0442593567374 9.63329941356
1506117912.646671 0.0826593730942 0.170551530803 -0.981875553917 -35.9094678446 0.209832153709 0.960181941335 0.184448114124 5.44577864195 0.974237083727 -0.221275427635 0.0435808423003 9.64000565408
1506117912.696614 0.0833620210389 0.171867735072 -0.981586600912 -36.1380055288 0.208688219898 0.960162931609 0.185839639583 5.47357099094 0.974422906301 -0.220337528365 0.0441743508155 9.64877598026
1506117912.746646 0.0835043466178 0.173424133517 -0.981300715382 -36.3663758843 0.206022282114 0.960460198826 0.187272597416 5.50138182718 0.974977868143 -0.21780788871 0.0444733655947 9.657692729
1506117912.796603 0.0829827637708 0.172983229693 -0.981422774935 -36.5936027312 0.203287176517 0.961173110431 0.186602721436 5.52891759293 0.975596322656 -0.214995474438 0.0445955288167 9.66526803923
1506117912.846582 0.0832373235764 0.173821403287 -0.981253110937 -36.81981907 0.204626590532 0.960706418154 0.187539693304 5.55608838563 0.975294574173 -0.216400780675 0.0443981498738 9.67154753368
1506117912.896568 0.0864312351344 0.175527874134 -0.980673037763 -37.0443196588 0.200869055163 0.961070691267 0.189722821679 5.58277865205 0.975797757874 -0.21338484433 0.0478084086655 9.67531927998
1506117912.946504 0.0864153895709 0.178606933643 -0.980118331478 -37.2659329464 0.209823652221 0.958468907667 0.193161559332 5.60866625066 0.973912940367 -0.22234413932 0.0453505049187 9.67693959763
1506117912.996557 0.0842815476223 0.179033697679 -0.980226277869 -37.4854040824 0.213650885372 0.957600900135 0.193271351319 5.6340288259 0.973267650706 -0.225715420732 0.0424573778472 9.67555645642
1506117913.046469 0.0832271328591 0.182780545098 -0.979624681544 -37.7014024962 0.219259130969 0.955587047378 0.196923407369 5.65858772167 0.972110424717 -0.23118102694 0.0394544666742 9.67170429302
1506117913.096404 0.0859252000292 0.185813583197 -0.978820807043 -37.9129008657 0.219055269812 0.954889744237 0.200500287079 5.68241800547 0.971921626865 -0.231643883257 0.0413456476775 9.66571685792
1506117913.146535 0.0826887856985 0.179936387782 -0.980196644083 -38.1209413625 0.221807414259 0.955571053383 0.194127362614 5.70605013569 0.971578116108 -0.233467038975 0.0391037851478 9.66043375585
1506117913.196331 0.0783074191345 0.1822872009 -0.980122096729 -38.3261593927 0.219804237668 0.955790211543 0.195323241375 5.72956580331 0.972396033112 -0.230730249222 0.0347779654695 9.65721296508
1506117913.246366 0.0746897406955 0.183985684636 -0.980087093316 -38.5292380092 0.221174519095 0.955297049137 0.196187104603 5.75326061492 0.972369926899 -0.231423455506 0.0306579435674 9.65754605731
1506117913.296283 0.0736762560921 0.179449641534 -0.981004401336 -38.7287850487 0.216404564725 0.957362870223 0.191377634753 5.77681887996 0.973519837319 -0.226393818093 0.0317011904333 9.65872669909
1506117913.396184 0.0672670534282 0.183107755961 -0.980788811738 -39.1205112878 0.215141502355 0.95722809141 0.193464505736 5.82288444234 0.97426345384 -0.224022165694 0.0249958354576 9.66179516607
1506117913.496070 0.053671830267 0.18059749223 -0.982091584546 -39.5022693322 0.218029943606 0.9576593302 0.188020081301 5.86689786812 0.974465124223 -0.224216754685 0.0120236679777 9.65760397388
1506117913.595987 0.0420656238295 0.180353007246 -0.982702028119 -39.8804574849 0.2200905073 0.957738898334 0.185192794715 5.90876696583 0.974572035248 -0.224073638332 0.000593899366343 9.64043073732
1506117913.695798 0.0292509045848 0.181597134947 -0.982937874517 -40.2543578239 0.225323925665 0.956850648692 0.183482872826 5.94776333126 0.973844706873 -0.226846460577 -0.0129294323091 9.60556842174
1506117913.795705 0.00957116143188 0.185054303393 -0.982681686847 -40.6281119077 0.232022948008 0.955494910925 0.182194475204 5.98477883825 0.972663222532 -0.229748514669 -0.0337916489749 9.55591952992
1506117913.895538 -0.00883888145426 0.189541499514 -0.981832925775 -40.9994393639 0.236850086387 0.954327940622 0.182099473713 6.02054124428 0.971506001398 -0.230937657627 -0.0533281120695 9.49882075187
1506117913.995489 -0.0306938464962 0.195715711066 -0.980180212119 -41.3725983843 0.240747185649 0.953219455786 0.182793494722 6.05564955275 0.970102407166 -0.230364992029 -0.0763759782794 9.43512183051
1506117914.095381 -0.0545516435347 0.197768041627 -0.978729748142 -41.7474088553 0.242673270418 0.953426665005 0.179129222303 6.08957410206 0.968573075205 -0.227739755355 -0.100004009012 9.36023565838
1506117914.195277 -0.0843269921939 0.198728961598 -0.976419867787 -42.121961538 0.247147578399 0.953461443164 0.172711756666 6.12181482444 0.965301524333 -0.226755542868 -0.129517917291 9.27268395958
1506117914.295154 -0.110424209378 0.200909089068 -0.973366340035 -42.4947355208 0.251547940719 0.953118473914 0.168192770964 6.15191872611 0.961524896975 -0.226275744644 -0.155785621552 9.17059535652
1506117914.395077 -0.14324998969 0.20327618654 -0.968585686679 -42.8626654486 0.255561137408 0.95308501065 0.16222659314 6.17987133442 0.956121302713 -0.22429390197 -0.188478911389 9.05625394917
1506117914.494931 -0.171670843447 0.206297220937 -0.963312295231 -43.2207408249 0.262545441624 0.952045480663 0.157096447547 6.20533192577 0.94952567769 -0.225944372321 -0.217600845642 8.93200881098
1506117914.544887 -0.189458135197 0.207235416102 -0.959770335716 -43.395550889 0.265463036215 0.951882644602 0.153130033989 6.21694698379 0.945322691683 -0.225771816707 -0.235355253542 8.86495666091
1506117914.644735 -0.222854137111 0.209450790256 -0.952085290315 -43.7369773758 0.272132539957 0.951187428575 0.145555337988 6.23754601812 0.936098239646 -0.22665577906 -0.268974429174 8.71816467708
1506117914.744671 -0.256532171651 0.209563458638 -0.943543534614 -44.0729193068 0.276473069004 0.951331979034 0.136125338506 6.25590451119 0.926150034834 -0.22594384805 -0.301985911103 8.55873569377
1506117914.794674 -0.274030500176 0.210280083519 -0.938450622808 -44.2386463954 0.278186033557 0.951420204656 0.131955010918 6.26435605399 0.920608394328 -0.224904158805 -0.319215136929 8.47550344972
1506117914.844641 -0.291390415156 0.209603936835 -0.93335835327 -44.4017995584 0.279911065538 0.951677627089 0.126330873055 6.27247518371 0.9147357112 -0.224445725646 -0.335980200153 8.39185639504
1506117914.894637 -0.30815740295 0.20894366857 -0.928106436984 -44.5609608948 0.280200221841 0.952241438473 0.121342814103 6.27981818607 0.909135221344 -0.222662943074 -0.351986310947 8.30578119248
1506117914.944637 -0.325195766581 0.20913212281 -0.922231786812 -44.7167290621 0.279539376321 0.952914965976 0.117519380127 6.2864898107 0.903385549189 -0.2195832936 -0.368344576026 8.21766602841
1506117914.994666 -0.341552018229 0.208833805807 -0.91636819041 -44.8706206174 0.28156662574 0.952956285544 0.112225456609 6.29263978495 0.896695296136 -0.219687868108 -0.384284772653 8.1273000932
