1506117902.290380   -0.955359682    0.073976959   -0.286033717 482958.32730    0.272203657   -0.155992224   -0.949511240 4421189.29835   -0.114860990   -0.984984180    0.128891883     -0.00353
1506117902.390483   -0.957327512    0.080880389   -0.277457019 482958.31667    0.263377429   -0.151081348   -0.952788936 4421189.03114   -0.118980520   -0.985206978    0.123332262     -0.00336
1506117902.490606   -0.959228768    0.084142670   -0.269815089 482958.30045    0.256097850   -0.145071116   -0.955703020 4421188.76380   -0.119557780   -0.985836894    0.117607631     -0.00323
1506117902.590569   -0.962979032    0.085542008   -0.255644182 482958.27162    0.242545918   -0.138957496   -0.960136601 4421188.49027   -0.117655688   -0.986596868    0.113065290     -0.00315
1506117902.690634   -0.966704512    0.086966062   -0.240664269 482958.23157    0.228048224   -0.133869251   -0.964402940 4421188.21080   -0.116087871   -0.987175733    0.109579553     -0.00309
1506117902.790709   -0.969261652    0.086551531   -0.230305629 482958.18993    0.218382862   -0.128481167   -0.967368345 4421187.92768   -0.113317147   -0.987927843    0.105630497     -0.00304
1506117902.890749   -0.973205173    0.086106440   -0.213207347 482958.14905    0.201867528   -0.124017101   -0.971529341 4421187.63549   -0.110096290   -0.988537020    0.103311990     -0.00302
1506117902.990734   -0.976071247    0.087423066   -0.199103310 482958.11102    0.188184404   -0.119184697   -0.974875191 4421187.33659   -0.108956645   -0.989015781    0.099881098     -0.00296
1506117903.090779   -0.979564702    0.091618928   -0.179050179 482958.08407    0.168334445   -0.113749205   -0.979144848 4421187.03023   -0.110075017   -0.989276044    0.096002085     -0.00287
1506117903.190780   -0.982858381    0.094662846   -0.158203505 482958.06876    0.147800265   -0.108356820   -0.983063518 4421186.72355   -0.110202019   -0.989594738    0.092508215     -0.00279
1506117903.290779   -0.985393423    0.096628765   -0.140223690 482958.06489    0.130210245   -0.103148823   -0.986106289 4421186.41213   -0.109750141   -0.989961212    0.089060117     -0.00272
1506117903.390742   -0.988595436    0.095898275   -0.116114536 482958.06685    0.106751084   -0.097601501   -0.989483781 4421186.10012   -0.106222741   -0.990594502    0.086251154     -0.00270
1506117903.490805   -0.990742049    0.096563912   -0.095423286 482958.07721    0.086558909   -0.092165868   -0.991974298 4421185.78732   -0.104583689   -0.991050384    0.082954134     -0.00265
1506117903.590739   -0.992963158    0.097311049   -0.067488710 482958.10207    0.059171110   -0.085966069   -0.994539398 4421185.47452   -0.102581411   -0.991534364    0.079603136     -0.00261
1506117903.690682   -0.994277179    0.098360213   -0.041691233 482958.13510    0.033898873   -0.079605460   -0.996249887 4421185.16629   -0.101310201   -0.991961813    0.075815592     -0.00255
1506117903.790629   -0.995159542    0.096824835   -0.016805846 482958.17984    0.009627740   -0.074130637   -0.997202063 4421184.86092   -0.097799753   -0.992536951    0.072839607     -0.00253
1506117903.890636   -0.995210998    0.096648726    0.014631911 482958.22968   -0.021347466   -0.068819892   -0.997400676 4421184.55842   -0.095390538   -0.992936476    0.070553519     -0.00251
1506117903.990579   -0.994778643    0.094087854    0.039533883 482958.28760   -0.045665819   -0.063937215   -0.996908554 4421184.26480   -0.091269300   -0.993508686    0.067899975     -0.00250
1506117904.090575   -0.993010331    0.093335426    0.072242514 482958.35737   -0.077671870   -0.055906219   -0.995410255 4421183.97704   -0.088868235   -0.994063878    0.062764990     -0.00243
1506117904.190431   -0.990186130    0.092708145    0.104578331 482958.43871   -0.109418297   -0.048745792   -0.992799821 4421183.69850   -0.086942876   -0.994499395    0.058411375     -0.00237
1506117904.290362   -0.986080350    0.091081863    0.139102974 482958.53125   -0.143447510   -0.042998768   -0.988723378 4421183.42574   -0.084073510   -0.994914670    0.055465707     -0.00234
1506117904.390300   -0.981465614    0.088544057    0.169956462 482958.63812   -0.173984189   -0.039895924   -0.983939946 4421183.15260   -0.080341464   -0.995272960    0.054561743     -0.00237
1506117904.440248   -0.978228569    0.087063571    0.188384716 482958.69632   -0.192208550   -0.037774582   -0.980626817 4421183.01221   -0.078260719   -0.995486321    0.053686538     -0.00238
1506117904.540131   -0.971439139    0.083825768    0.221989278 482958.82591   -0.225330816   -0.032643663   -0.973735290 4421182.74124   -0.074377565   -0.995945597    0.050599861     -0.00237
1506117904.590159   -0.967273505    0.082138092    0.240073529 482958.89526   -0.243112070   -0.029094237   -0.969561781 4421182.60291   -0.072653199   -0.996196195    0.048110847     -0.00235
1506117904.640087   -0.962584476    0.081230304    0.258520337 482958.96664   -0.261331744   -0.025945134   -0.964900290 4421182.46843   -0.071671799   -0.996357610    0.046202440     -0.00232
1506117904.690111   -0.957401793    0.079581493    0.277576281 482959.04034   -0.280116066   -0.022532989   -0.959701648 4421182.33542   -0.070119866   -0.996573655    0.043865179     -0.00230
1506117904.740053   -0.952279823    0.078985897    0.294829384 482959.11612   -0.297229780   -0.020317604   -0.954589783 4421182.20403   -0.069408904   -0.996668663    0.042825005     -0.00229
1506117904.790078   -0.946691652    0.078029325    0.312548140 482959.19452   -0.314807811   -0.018249560   -0.948979976 4421182.07312   -0.068344400   -0.996784018    0.041840947     -0.00228
1506117904.840092   -0.940423451    0.077853157    0.330972233 482959.27396   -0.333125486   -0.016143697   -0.942744287 4421181.94508   -0.068052504   -0.996834122    0.041116782     -0.00227
1506117904.890085   -0.933694426    0.077126777    0.349665812 482959.35486   -0.351752590   -0.014927816   -0.935973972 4421181.81944   -0.066968909   -0.996909535    0.041067562     -0.00228
1506117904.940036   -0.927224493    0.075745998    0.366765980 482959.43857   -0.368737536   -0.013422983   -0.929436632 4421181.69592   -0.065478012   -0.997036793    0.040376511     -0.00229
1506117904.990031   -0.919963508    0.073898025    0.384975618 482959.52324   -0.386780391   -0.011325612   -0.922102304 4421181.57607   -0.063781455   -0.997201490    0.039001457     -0.00229
1506117905.040036   -0.912339206    0.072552692    0.402955680 482959.61003   -0.404605332   -0.009038989   -0.914446730 4421181.45864   -0.062703260   -0.997323620    0.037601830     -0.00227
1506117905.090006   -0.904969721    0.069530898    0.419756189 482959.69981   -0.421208062   -0.007021074   -0.906936863 4421181.34404   -0.060112996   -0.997555091    0.035640834     -0.00227
1506117905.139999   -0.897149169    0.067332440    0.436565816 482959.79462   -0.437856987   -0.005004375   -0.899030709 4421181.23213   -0.058349192   -0.997718046    0.033971650     -0.00226
1506117905.190044   -0.888991280    0.062935746    0.453578655 482959.89363   -0.454691957   -0.003839938   -0.890640488 4421181.12026   -0.054311410   -0.998010194    0.032030049     -0.00228
1506117905.240008   -0.881083567    0.060110870    0.469125176 482959.99595   -0.470108327   -0.002536274   -0.882605081 4421181.00918   -0.051864329   -0.998188485    0.030493290     -0.00229
1506117905.289971   -0.872814400    0.056962171    0.484716756 482960.10203   -0.485579598   -0.001505590   -0.874191162 4421180.89819   -0.049066041   -0.998375202    0.028973768     -0.00230
1506117905.339991   -0.864237202    0.053737057    0.500206344 482960.21102   -0.500967905   -0.000814663   -0.865465479 4421180.78759   -0.046100069   -0.998554788    0.027624603     -0.00231
1506117905.440013   -0.846468210    0.048695664    0.530207790 482960.43314   -0.530758037    0.001901018   -0.847521264 4421180.56766   -0.042278545   -0.998811853    0.024236464     -0.00231
1506117905.540023   -0.828283195    0.046604437    0.558368136 482960.66261   -0.558607700    0.008930147   -0.829383922 4421180.34821   -0.043639281   -0.998873505    0.018636907     -0.00219
1506117905.590001   -0.818947190    0.046577572    0.571975550 482960.77926   -0.571918903    0.015852302   -0.820156980 4421180.23852   -0.047268050   -0.998788884    0.013656396     -0.00205
1506117905.690018   -0.800381210    0.043387399    0.597919269 482961.01777   -0.597479800    0.023904911   -0.801527569 4421180.01985   -0.049069403   -0.998772291    0.006790053     -0.00190
1506117905.790093   -0.779457953    0.042135461    0.625035920 482961.25949   -0.624284466    0.030730076   -0.780592447 4421179.80088   -0.052098024   -0.998639207    0.002351711     -0.00179
1506117905.890167   -0.760517738    0.034375810    0.648406565 482961.50287   -0.647675243    0.030809308   -0.761293351 4421179.58218   -0.046147033   -0.998933977   -0.001166665     -0.00181
1506117905.990233   -0.741700127    0.025873852    0.670232397 482961.74937   -0.669459208    0.032964295   -0.742117055 4421179.36438   -0.041295165   -0.999121564   -0.007128133     -0.00177
1506117906.090302   -0.723442863    0.017340626    0.690166449 482962.00717   -0.689559528    0.030700082   -0.723578028 4421179.14585   -0.033735462   -0.999378211   -0.010252361     -0.00183
1506117906.190369   -0.704381031    0.016252074    0.709635986 482962.28134   -0.708954730    0.033299016   -0.704467434 4421178.92820   -0.035079237   -0.999313287   -0.011933211     -0.00178
1506117906.290439   -0.685137704    0.016112411    0.728235344 482962.57127   -0.727374594    0.038245064   -0.685174077 4421178.71789   -0.038891213   -0.999138482   -0.014483377     -0.00169
1506117906.390512   -0.665754504    0.021033638    0.745874337 482962.87129   -0.744784499    0.042173825   -0.665971034 4421178.51735   -0.045464168   -0.998888860   -0.012411886     -0.00163
1506117906.490587   -0.647240515    0.016012759    0.762117647 482963.18022   -0.761000003    0.044472744   -0.647225749 4421178.32271   -0.044257333   -0.998882259   -0.016598852     -0.00158
1506117906.590680   -0.629657878    0.010316217    0.776804050 482963.49314   -0.775796269    0.044265772   -0.629428860 4421178.13026   -0.040879155   -0.998966525   -0.019869010     -0.00157
1506117906.690719   -0.609378079    0.007500373    0.792844311 482963.81021   -0.792007171    0.041143058   -0.609123871 4421177.94252   -0.037188696   -0.999125114   -0.019131328     -0.00164
1506117906.790878   -0.590038562    0.004941956    0.807359940 482964.13468   -0.806761012    0.035384349   -0.589817444 4421177.76083   -0.031482758   -0.999361559   -0.016891153     -0.00176
1506117906.890916   -0.575082215    0.004453745    0.818083498 482964.46761   -0.817488232    0.035398051   -0.574856476 4421177.58608   -0.031518826   -0.999363368   -0.016715905     -0.00176
1506117906.991063   -0.560619511    0.005047048    0.828058145 482964.81201   -0.827435853    0.035821954   -0.560416538 4421177.41825   -0.032491110   -0.999345443   -0.015906378     -0.00176
1506117907.091164   -0.546284317    0.005314569    0.837582951 482965.16673   -0.836891857    0.037642153   -0.546072420 4421177.25711   -0.034430565   -0.999277151   -0.016115598     -0.00173
1506117907.191310   -0.532679115    0.002439396    0.846313777 482965.53325   -0.845592223    0.039851006   -0.532339826 4421177.10014   -0.035025043   -0.999202655   -0.019165065     -0.00168
1506117907.241378   -0.525835809    0.001572214    0.850584640 482965.71975   -0.849948249    0.037748383   -0.525512163 4421177.02393   -0.032934412   -0.999286039   -0.018513151     -0.00172
1506117907.291456   -0.519365263    0.000820633    0.854551958 482965.90729   -0.853924779    0.037819176   -0.519020405 4421176.94785   -0.032744376   -0.999284262   -0.018941207     -0.00171
1506117907.341492   -0.508813328    0.000252749    0.860876840 482966.09459   -0.860208882    0.039237168   -0.508430058 4421176.87323   -0.033906874   -0.999229894   -0.019746977     -0.00169
1506117907.391608   -0.503274756   -0.000900358    0.864125980 482966.28336   -0.863445163    0.040225308   -0.502836330 4421176.79981   -0.034307001   -0.999190229   -0.021021792     -0.00166
1506117907.441670   -0.497532652   -0.001842952    0.867443291 482966.47351   -0.866835651    0.038539653   -0.497102252 4421176.72785   -0.032514827   -0.999255372   -0.020772272     -0.00169
1506117907.491757   -0.491945023   -0.001984799    0.870624003 482966.66492   -0.869962942    0.040148817   -0.491479962 4421176.65647   -0.033979034   -0.999191740   -0.021477712     -0.00166
1506117907.541917   -0.485697439   -0.004746858    0.874114103 482966.85665   -0.873592218    0.037609488   -0.485203219 4421176.58615   -0.030571793   -0.999281239   -0.022413650     -0.00169
1506117907.591939   -0.480398954   -0.004373593    0.877039176 482967.04809   -0.876251630    0.045053601   -0.479742903 4421176.51571   -0.037415573   -0.998974997   -0.025476071     -0.00155
1506117907.642036   -0.474103398   -0.009475727    0.880418184 482967.24139   -0.879972447    0.038683344   -0.473447031 4421176.44426   -0.029571265   -0.999206590   -0.026678284     -0.00164
1506117907.692161   -0.468610282   -0.003540291    0.883397911 482967.43639   -0.882795153    0.039027557   -0.468134135 4421176.37110   -0.032819531   -0.999231863   -0.021414066     -0.00168
1506117907.742228   -0.462962028   -0.008096770    0.886341132 482967.63210   -0.885771250    0.041222446   -0.462287793 4421176.29616   -0.032794112   -0.999117186   -0.026256313     -0.00160
1506117907.792337   -0.457598871   -0.008089701    0.889121943 482967.82867   -0.888563201    0.040752952   -0.456940515 4421176.21820   -0.032537832   -0.999136504   -0.025836716     -0.00162
1506117907.842438   -0.451891844   -0.003817372    0.892064565 482968.02709   -0.891572111    0.035429575   -0.451490770 4421176.13816   -0.029881960   -0.999364885   -0.019413798     -0.00176
1506117907.892489   -0.446278497   -0.005237456    0.894878803 482968.22800   -0.894396808    0.035943858   -0.445827756 4421176.05603   -0.029830393   -0.999340086   -0.020725335     -0.00174
1506117907.942632   -0.440205919   -0.003241149    0.897890998 482968.43204   -0.897274318    0.038818815   -0.439763456 4421175.97243   -0.033429725   -0.999241009   -0.019996472     -0.00170
1506117907.992805   -0.434098201    0.000621953    0.900865342 482968.63821   -0.900160689    0.039251214   -0.433785750 4421175.88848   -0.035629853   -0.999229181   -0.016479024     -0.00173
1506117908.042843   -0.428513764    0.003224765    0.903529499 482968.84614   -0.902691889    0.041668272   -0.428265231 4421175.80591   -0.039029567   -0.999126296   -0.014944459     -0.00171
1506117908.092912   -0.423043227    0.003439310    0.906102974 482969.05624   -0.905270704    0.041413676   -0.422811850 4421175.72402   -0.038979236   -0.999136166   -0.014406268     -0.00172
1506117908.143066   -0.417892844    0.005440680    0.908480033 482969.26773   -0.907508466    0.044120376   -0.417710159 4421175.64188   -0.042355108   -0.999011407   -0.013500126     -0.00169
1506117908.193142   -0.412808027    0.006322010    0.910796116 482969.48025   -0.909705654    0.046545045   -0.412636865 4421175.55987   -0.045001740   -0.998896186   -0.013463000     -0.00166
1506117908.243253   -0.407280478    0.007484115    0.913272468 482969.69281   -0.912376512    0.041699204   -0.407222638 4421175.47764   -0.041130436   -0.999102179   -0.010154941     -0.00177
1506117908.293332   -0.398675768    0.008799926    0.917049723 482969.90424   -0.916015586    0.044611792   -0.398654280 4421175.39992   -0.044419359   -0.998965640   -0.009724771     -0.00173
1506117908.343440   -0.394170897    0.001902855    0.919035191 482970.11382   -0.918337768    0.038189981   -0.393950847 4421175.32396   -0.035847568   -0.999268685   -0.013305916     -0.00179
1506117908.393566   -0.390782510    0.009558568    0.920433411 482970.32232   -0.919511245    0.041882667   -0.390825937 4421175.24822   -0.042285942   -0.999076812   -0.007577803     -0.00180
1506117908.443676   -0.386160635    0.001991865    0.922429399 482970.53280   -0.921857578    0.034438210   -0.385995615 4421175.17446   -0.032535669   -0.999404844   -0.011462465     -0.00187
1506117908.493762   -0.382529155   -0.001902149    0.923941463 482970.74312   -0.923320592    0.037498538   -0.382194903 4421175.10245   -0.033919462   -0.999294872   -0.016100578     -0.00178
1506117908.543883   -0.378795442    0.000480252    0.925480298 482970.95489   -0.924642835    0.042338788   -0.378474642 4421175.03201   -0.039365477   -0.999103196   -0.015593678     -0.00171
1506117908.593999   -0.374231932   -0.007515960    0.927304681 482971.16842   -0.926568117    0.043693350   -0.373580536 4421174.96359   -0.037709232   -0.999016717   -0.023315495     -0.00161
1506117908.644046   -0.370763336   -0.005696437    0.928709911 482971.38183   -0.927599052    0.051548846   -0.370003668 4421174.89787   -0.045766221   -0.998654228   -0.024396432     -0.00148
1506117908.694161   -0.366679239   -0.005160955    0.930333112 482971.59886   -0.929416399    0.046757893   -0.366058542 4421174.83366   -0.041611205   -0.998892919   -0.021941825     -0.00158
1506117908.744224   -0.363166928   -0.003616935    0.931717071 482971.81840   -0.930546828    0.051661683   -0.362510237 4421174.76991   -0.046822896   -0.998658094   -0.022127542     -0.00150
1506117908.794388   -0.359310080   -0.002092161    0.933215885 482972.04296   -0.931923511    0.053461812   -0.358692631 4421174.70551   -0.049140969   -0.998567703   -0.021159102     -0.00149
1506117908.844401   -0.356003174   -0.000235305    0.934484716 482972.26976   -0.933259243    0.051286427   -0.355523401 4421174.64069   -0.047842725   -0.998683958   -0.018477731     -0.00155
1506117908.894556   -0.353344270    0.003090757    0.935488255 482972.50016   -0.934201557    0.051368217   -0.353027985 4421174.57480   -0.049145487   -0.998674999   -0.015263275     -0.00159
1506117908.944622   -0.350517730    0.000947702    0.936555616 482972.73150   -0.935411988    0.049059594   -0.350139356 4421174.50880   -0.046278866   -0.998795404   -0.016309766     -0.00161
1506117908.994778   -0.348498295    0.003638853    0.937302351 482972.96344   -0.935944297    0.052599708   -0.348197563 4421174.44264   -0.050568869   -0.998609047   -0.014925145     -0.00158
1506117909.044795   -0.345752595    0.002601210    0.938322107 482973.19530   -0.937125061    0.049614265   -0.345449049 4421174.37628   -0.047452748   -0.998765067   -0.014716602     -0.00163
1506117909.094891   -0.342800324    0.003076256    0.939403254 482973.42649   -0.938184313    0.049909514   -0.342518955 4421174.30857   -0.047938836   -0.998749006   -0.014222902     -0.00163
1506117909.144955   -0.340416282    0.004592528    0.940263614 482973.65949   -0.938825662    0.053837501   -0.340158639 4421174.24165   -0.052183631   -0.998539149   -0.014015579     -0.00158
1506117909.195117   -0.338267963    0.001503969    0.941048630 482973.89345   -0.939566848    0.055578627   -0.337824148 4421174.17526   -0.052810268   -0.998453181   -0.017387389     -0.00151
1506117909.245167   -0.336403289    0.003202725    0.941712573 482974.12730   -0.940047883    0.058387864   -0.336007195 4421174.11111   -0.056060724   -0.998288836   -0.016631154     -0.00149
1506117909.295265   -0.334439692    0.002475072    0.942413904 482974.36133   -0.940666956    0.060039627   -0.333977426 4421174.04848   -0.057408797   -0.998192926   -0.017751416     -0.00145
1506117909.345489   -0.332392633   -0.003208160    0.943135645 482974.59376   -0.941304016    0.063513033   -0.331531061 4421173.98422   -0.058837801   -0.997975853   -0.024131118     -0.00133
1506117909.395479   -0.330704641   -0.004169776    0.943725094 482974.82609   -0.941676687    0.067456105   -0.329688778 4421173.91904   -0.062285290   -0.997713529   -0.026234628     -0.00125
1506117909.445512   -0.328681213   -0.005834786    0.944422901 482975.05835   -0.942523181    0.065719827   -0.327614039 4421173.85239   -0.060155751   -0.997821056   -0.027100293     -0.00127
1506117909.495549   -0.327222927   -0.006701122    0.944923410 482975.29115   -0.942903263    0.068050399   -0.326040765 4421173.78401   -0.062117576   -0.997659380   -0.028586161     -0.00122
1506117909.545676   -0.325782158   -0.007729408    0.945413265 482975.52527   -0.943358307    0.069055909   -0.324509456 4421173.71582   -0.062778107   -0.997582848   -0.029788784     -0.00119
1506117909.595732   -0.324102806   -0.007085710    0.945995330 482975.75985   -0.944048038    0.066984950   -0.322933922 4421173.64703   -0.061079234   -0.997728825   -0.028399261     -0.00124
1506117909.645812   -0.322741444   -0.004477085    0.946476580 482975.99599   -0.944239558    0.070397021   -0.321645639 4421173.58050   -0.065189097   -0.997509005   -0.026947477     -0.00121
1506117909.695852   -0.320461514   -0.006244846    0.947240951 482976.23428   -0.945110351    0.069461769   -0.319282771 4421173.51615   -0.063803160   -0.997565068   -0.028161892     -0.00121
1506117909.745931   -0.318825207   -0.003302602    0.947807776 482976.47490   -0.945354510    0.073094381   -0.317745278 4421173.45358   -0.068230037   -0.997319560   -0.026426461     -0.00118
1506117909.795926   -0.316730584   -0.003510274    0.948509048 482976.71640   -0.946045491    0.073289811   -0.315636709 4421173.39208   -0.068408078   -0.997304508   -0.026534003     -0.00118
1506117909.845959   -0.316013335   -0.003212943    0.948749308 482976.95696   -0.946071707    0.076219383   -0.314863351 4421173.33220   -0.071301449   -0.997085895   -0.027126016     -0.00113
1506117909.896033   -0.315132304   -0.004295499    0.949038029 482977.19940   -0.946258783    0.078029202   -0.313856270 4421173.27384   -0.072704511   -0.996941820   -0.028654176     -0.00109
1506117909.946087   -0.314253459   -0.004581418    0.949328064 482977.44162   -0.946493627    0.078878387   -0.312934519 4421173.21473   -0.073447783   -0.996873718   -0.029124089     -0.00108
1506117909.996071   -0.313486928   -0.003831826    0.949584784 482977.68394   -0.946649556    0.079929093   -0.312195385 4421173.15518   -0.074703173   -0.996793187   -0.028684122     -0.00107
1506117910.046197   -0.312985291   -0.005105496    0.949744251 482977.92670   -0.946749683    0.081204754   -0.311561912 4421173.09383   -0.075533070   -0.996684364   -0.030249520     -0.00104
1506117910.096240   -0.312810652   -0.006428029    0.949793755 482978.16911   -0.946739930    0.082517689   -0.311246423 4421173.03038   -0.076374085   -0.996568869   -0.031898083     -0.00100
1506117910.146266   -0.312295070   -0.007895290    0.949952343 482978.41246   -0.947061259    0.080982393   -0.310671567 4421172.96667   -0.074476572   -0.996684261   -0.032767725     -0.00101
1506117910.196293   -0.312380832   -0.010004615    0.949904271 482978.65713   -0.946912650    0.083269177   -0.310520011 4421172.90177   -0.075991114   -0.996476870   -0.035485191     -0.00095
1506117910.246349   -0.311804607   -0.012324210    0.950066314 482978.90334   -0.947265298    0.081839600   -0.309823716 4421172.83571   -0.073934714   -0.996569312   -0.037192261     -0.00095
1506117910.296326   -0.311908278   -0.009789594    0.950061782 482979.15104   -0.947062990    0.083251502   -0.310065928 4421172.76905   -0.076058651   -0.996480482   -0.035238195     -0.00096
1506117910.346394   -0.311241850   -0.012271004    0.950251510 482979.40065   -0.947435870    0.081994078   -0.309260801 4421172.70125   -0.074120056   -0.996557271   -0.037145978     -0.00095
1506117910.396449   -0.310976572   -0.008708124    0.950377683 482979.65161   -0.947220328    0.084792219   -0.309166508 4421172.63120   -0.077892372   -0.996360601   -0.034616906     -0.00095
1506117910.446501   -0.310518502   -0.007352400    0.950538901 482979.90361   -0.947428065    0.083595727   -0.308855654 4421172.56001   -0.077190160   -0.996472627   -0.032923890     -0.00099
1506117910.496563   -0.310861410   -0.007161874    0.950428267 482980.15584   -0.947198984    0.085038000   -0.309164395 4421172.48864   -0.078608323   -0.996351969   -0.033218752     -0.00097
1506117910.546533   -0.311306898   -0.006423109    0.950287724 482980.40744   -0.946929684    0.086357938   -0.309623126 4421172.41775   -0.080076145   -0.996243469   -0.032966054     -0.00095
1506117910.596589   -0.311584627   -0.006728674    0.950194583 482980.65753   -0.946969144    0.084824180   -0.309926281 4421172.34572   -0.078514084   -0.996373215   -0.032801758     -0.00098
1506117910.646628   -0.312337812   -0.006177087    0.949951017 482980.90664   -0.946503447    0.087386937   -0.310636037 4421172.27220   -0.081094484   -0.996155293   -0.033140879     -0.00094
1506117910.696612   -0.312589678   -0.008020048    0.949854395 482981.15362   -0.946636569    0.085299728   -0.310810493 4421172.19946   -0.078529606   -0.996323058   -0.034255885     -0.00096
1506117910.746681   -0.313114572   -0.006936139    0.949690031 482981.39883   -0.946270398    0.087373625   -0.311348972 4421172.12651   -0.080818301   -0.996151464   -0.033921418     -0.00094
1506117910.796693   -0.313380485   -0.009804295    0.949577036 482981.64279   -0.946445416    0.085017769   -0.311469184 4421172.05419   -0.077677186   -0.996331197   -0.035922140     -0.00094
1506117910.846727   -0.313894247   -0.010875002    0.949395669 482981.88557   -0.946176347    0.086647526   -0.311837340 4421171.98328   -0.078871555   -0.996179673   -0.037487829     -0.00091
1506117910.896745   -0.314309094   -0.014909080    0.949203620 482982.12764   -0.945878503    0.089988798   -0.311794602 4421171.91388   -0.080769122   -0.995831178   -0.042386476     -0.00081
1506117910.946774   -0.315327485   -0.018576948    0.948801072 482982.36845   -0.945476914    0.092013161   -0.312421162 4421171.84628   -0.081498354   -0.995584489   -0.046578354     -0.00073
1506117910.996775   -0.316274354   -0.021081213    0.948433506 482982.60852   -0.945016139    0.094635769   -0.313031256 4421171.77923   -0.083156656   -0.995288729   -0.049852953     -0.00066
1506117911.046812   -0.317055850   -0.024843120    0.948081435 482982.84864   -0.944887469    0.094314172   -0.313516361 4421171.71218   -0.081628791   -0.995232463   -0.053376813     -0.00063
1506117911.096790   -0.317879549   -0.024604812    0.947811793 482983.08936   -0.944526324    0.095306372   -0.314303545 4421171.64520   -0.082599123   -0.995143858   -0.053535839     -0.00062
1506117911.146786   -0.318759491   -0.023667267    0.947540103 482983.33240   -0.944256574    0.094722786   -0.315288941 4421171.57838   -0.082291610   -0.995222314   -0.052541759     -0.00064
1506117911.196830   -0.319184808   -0.021816925    0.947441333 482983.57830   -0.944237073    0.092615546   -0.315972643 4421171.51147   -0.080854245   -0.995462899   -0.050161825     -0.00069
1506117911.246885   -0.319868659   -0.019460328    0.947262021 482983.82529   -0.943992941    0.092021791   -0.316874291 4421171.44413   -0.081002270   -0.995566816   -0.047805299     -0.00073
1506117911.296837   -0.320577484   -0.018625823    0.947039152 482984.07182   -0.943797265    0.091227193   -0.317685885 4421171.37600   -0.080478562   -0.995655903   -0.046824384     -0.00075
1506117911.346816   -0.320914979   -0.015913942    0.946974299 482984.31813   -0.943828190    0.088512096   -0.318361362 4421171.30667   -0.078752296   -0.995947968   -0.043424885     -0.00083
1506117911.396842   -0.321628554   -0.010986212    0.946802184 482984.56521   -0.943378022    0.089465853   -0.319427251 4421171.23620   -0.081197170   -0.995929297   -0.039138924     -0.00087
1506117911.446832   -0.322168751   -0.011057532    0.946617677 482984.81366   -0.943325222    0.087884516   -0.320021620 4421171.16532   -0.079654387   -0.996069296   -0.038744493     -0.00090
1506117911.496814   -0.322993657   -0.006623468    0.946377952 482985.06254   -0.942859969    0.088675754   -0.321172368 4421171.09412   -0.081793504   -0.996038524   -0.034886708     -0.00093
1506117911.546811   -0.323417873   -0.006343404    0.946234982 482985.31024   -0.942807007    0.087463571   -0.321659869 4421171.02273   -0.080720672   -0.996147522   -0.034267887     -0.00096
1506117911.596814   -0.324212194   -0.006402701    0.945962715 482985.55541   -0.942543906    0.087393760   -0.322448936 4421170.95072   -0.080606694   -0.996153269   -0.034368949     -0.00096
1506117911.646912   -0.325048357   -0.005040167    0.945683965 482985.79879   -0.942211209    0.087510219   -0.323388310 4421170.87759   -0.081127080   -0.996150871   -0.033193955     -0.00097
1506117911.696848   -0.325925250   -0.005649208    0.945378664 482986.03817   -0.941836581    0.088627038   -0.324174494 4421170.80553   -0.081954781   -0.996048862   -0.034206420     -0.00095
1506117911.746858   -0.326920976   -0.006188833    0.945031414 482986.27547   -0.941344476    0.090618534   -0.325052086 4421170.73484   -0.083625669   -0.995866447   -0.035450923     -0.00091
1506117911.796803   -0.327842681   -0.004672984    0.944720773 482986.50910   -0.941037680    0.089967401   -0.326119535 4421170.66562   -0.083470122   -0.995933748   -0.033892608     -0.00094
1506117911.846853   -0.328906775   -0.002882366    0.944357996 482986.74122   -0.940598578    0.090191643   -0.327322139 4421170.59813   -0.084229737   -0.995920258   -0.032375792     -0.00095
1506117911.896811   -0.330211764   -0.003195292    0.943901468 482986.97018   -0.940067188    0.091219299   -0.328561596 4421170.53178   -0.085052180   -0.995825702   -0.033125475     -0.00093
1506117911.946816   -0.331315486   -0.002276516    0.943517284 482987.19772   -0.939675339    0.090979423   -0.329746875 4421170.46609   -0.085089984   -0.995850171   -0.032282077     -0.00095
1506117911.996736   -0.332058137   -0.000863069    0.943258527 482987.42253   -0.939467654    0.089870995   -0.330641394 4421170.39942   -0.084486216   -0.995953041   -0.030653221     -0.00098
1506117912.046800   -0.332925003   -0.001262525    0.942952464 482987.64678   -0.939181245    0.089800091   -0.331473277 4421170.33205   -0.084258723   -0.995959010   -0.031082435     -0.00098
1506117912.096786   -0.333919863   -0.001952037    0.942599445 482987.86904   -0.938905430    0.089157981   -0.332426605 4421170.26511   -0.083391355   -0.996015584   -0.031604399     -0.00099
1506117912.146766   -0.334864663   -0.005908497    0.942247710 482988.09003   -0.938684144    0.089203158   -0.333038849 4421170.19773   -0.082083712   -0.995995927   -0.035417198     -0.00094
1506117912.196767   -0.335949886   -0.010277773    0.941823785 482988.30950   -0.938115198    0.092965342   -0.333612531 4421170.13050   -0.084128176   -0.995616298   -0.040873431     -0.00083
1506117912.246729   -0.336944701   -0.009662136    0.941474860 482988.52635   -0.937763019    0.092737112   -0.334664530 4421170.06393   -0.084076085   -0.995643747   -0.040308073     -0.00084
1506117912.296746   -0.337608900   -0.015505695    0.941158756 482988.74399   -0.937698488    0.092758255   -0.334839443 4421169.99836   -0.082108325   -0.995567918   -0.045855679     -0.00078
1506117912.346784   -0.338676040   -0.013709194    0.940803166 482988.96105   -0.936282149    0.103885396   -0.335534740 4421169.93298   -0.093135799   -0.994494788   -0.048019168     -0.00061
1506117912.396763   -0.339214828   -0.017453234    0.940547014 482989.17996   -0.936041332    0.105738746   -0.335627685 4421169.86773   -0.093594473   -0.994240767   -0.052205099     -0.00055
1506117912.446744   -0.340028382   -0.017196540    0.940257932 482989.39893   -0.935777375    0.105362181   -0.336481077 4421169.80221   -0.093281316   -0.994285216   -0.051918265     -0.00056
1506117912.496707   -0.341495946   -0.019252586    0.939686042 482989.61921   -0.934781970    0.110981904   -0.337439900 4421169.73520   -0.097791555   -0.993635927   -0.055896841     -0.00044
1506117912.546686   -0.341607085   -0.024452024    0.939524719 482989.83930   -0.934952497    0.110687675   -0.337063893 4421169.66599   -0.095751913   -0.993554396   -0.060673175     -0.00040
1506117912.596688   -0.342346754   -0.023743331    0.939273631 482990.05940   -0.934526530    0.112083199   -0.337783246 4421169.59417   -0.097256694   -0.993415125   -0.060560092     -0.00038
1506117912.646671   -0.342111342   -0.028614483    0.939223637 482990.27925   -0.935281062    0.106747339   -0.337423087 4421169.52087   -0.090604437   -0.993874347   -0.063282060     -0.00042
1506117912.696614   -0.342920400   -0.030141609    0.938880761 482990.49714   -0.935087795    0.106218034   -0.338125043 4421169.44600   -0.089534436   -0.993885915   -0.064609381     -0.00042
1506117912.746646   -0.343412328   -0.032330101    0.938628115 482990.71482   -0.935160130    0.104193399   -0.338554673 4421169.37103   -0.086853347   -0.994031438   -0.066015119     -0.00043
1506117912.796603   -0.343293262   -0.032660585    0.938660227 482990.93177   -0.935462681    0.101291756   -0.338599398 4421169.29769   -0.084019688   -0.994320505   -0.065325536     -0.00048
1506117912.846582   -0.343351062   -0.033093902    0.938623909 482991.14810   -0.935315814    0.102927064   -0.338511961 4421169.22591   -0.085407121   -0.994138226   -0.066293367     -0.00045
1506117912.896568   -0.346824295   -0.035559907    0.937255782 482991.36348   -0.934338052    0.100471082   -0.341932693 4421169.15706   -0.082008008   -0.994304307   -0.068070787     -0.00046
1506117912.946504   -0.345607602   -0.036131328    0.937683269 482991.57665   -0.933949557    0.110222023   -0.339984309 4421169.09116   -0.091069262   -0.993250035   -0.071838407     -0.00030
1506117912.996557   -0.343101313   -0.035638954    0.938622051 482991.78860   -0.934514705    0.113674662   -0.337283763 4421169.02878   -0.094677104   -0.992878611   -0.072307052     -0.00025
1506117913.046469   -0.341348082   -0.037804172    0.939176411 482991.99787   -0.934577765    0.120198367   -0.334838400 4421168.96981   -0.100229183   -0.992029837   -0.076360420     -0.00013
1506117913.096404   -0.343886785   -0.040621006    0.938132087 482992.20340   -0.933632274    0.121572232   -0.336973246 4421168.91420   -0.100362620   -0.991751040   -0.079732166     -0.00008
1506117913.146535   -0.340492994   -0.034434285    0.939616305 482992.40542   -0.934616384    0.121597266   -0.334224953 4421168.85890   -0.102745977   -0.991982049   -0.073585864     -0.00014
1506117913.196331   -0.336689354   -0.037446759    0.940870883 482992.60414   -0.936273150    0.119604366   -0.330283795 4421168.80243   -0.100164208   -0.992115183   -0.075329911     -0.00015
1506117913.246366   -0.333124333   -0.038907624    0.942079814 482992.79981   -0.937446860    0.120801837   -0.326497015 4421168.74314   -0.101101749   -0.991913864   -0.076715861     -0.00012
1506117913.296283   -0.332837871   -0.035859894    0.942301979 482992.99185   -0.938070511    0.114469160   -0.326987045 4421168.68403   -0.096138795   -0.992779371   -0.071738780     -0.00025
1506117913.396184   -0.327020914   -0.040043052    0.944168352 482993.36862   -0.940324164    0.113234026   -0.320887086 4421168.56730   -0.094062685   -0.992761104   -0.074683344     -0.00023
1506117913.496070   -0.313876592   -0.037557286    0.948720683 482993.73779   -0.944666896    0.112668217   -0.308075199 4421168.46050   -0.095320200   -0.992922617   -0.070843041     -0.00028
1506117913.595987   -0.302666636   -0.037358765    0.952364022 482994.10711   -0.948249093    0.112453365   -0.296947636 4421168.36733   -0.096002942   -0.992954462   -0.069461297     -0.00029
1506117913.695798   -0.289828777   -0.037819944    0.956330974 482994.47717   -0.951863073    0.115563407   -0.283904544 4421168.29257   -0.099779612   -0.992579846   -0.069493009     -0.00025
1506117913.795705   -0.270194027   -0.040392991    0.961958208 482994.85118   -0.957143133    0.119471478   -0.263824919 4421168.23220   -0.104269892   -0.992015611   -0.070942354     -0.00018
1506117913.895538   -0.251917713   -0.044426072    0.966728395 482995.22491   -0.961808616    0.122004053   -0.245028973 4421168.17976   -0.107059107   -0.991534838   -0.073464360     -0.00011
1506117913.995489   -0.230348589   -0.050570468    0.971793268 482995.60223   -0.967032806    0.123313858   -0.222803152 4421168.13319   -0.108568317   -0.991078362   -0.077308475     -0.00004
1506117914.095381   -0.206975885   -0.053266760    0.976894895 482995.98424   -0.972375322    0.121347495   -0.199401652 4421168.09698   -0.107922269   -0.991179821   -0.076911288     -0.00006
1506117914.195277   -0.177262948   -0.054463729    0.982655356 482996.36950   -0.978071864    0.120669115   -0.169748031 4421168.07313   -0.109331042   -0.991197592   -0.074659604     -0.00008
1506117914.295154   -0.150924951   -0.056709145    0.986917287 482996.75706   -0.982276094    0.120860481   -0.143270443 4421168.06390   -0.111154553   -0.991048342   -0.073944900     -0.00007
1506117914.395077   -0.117722030   -0.059539924    0.991260067 482997.14334   -0.986706645    0.119628251   -0.109995808 4421168.06795   -0.112033566   -0.991031825   -0.072831319     -0.00008
1506117914.494931   -0.088166643   -0.062030910    0.994172424 482997.52285   -0.989269783    0.122179887   -0.080108505 4421168.08448   -0.116498671   -0.990567636   -0.072137495     -0.00004
1506117914.544887   -0.069755351   -0.062988626    0.995573515 482997.70989   -0.990575888    0.122296825   -0.061667631 4421168.09875   -0.117871120   -0.990492766   -0.070925872     -0.00005
1506117914.644735   -0.034718264   -0.064903692    0.997287397 482998.07959   -0.991948072    0.123847638   -0.026472355 4421168.14198   -0.121793535   -0.990176385   -0.068680867     -0.00004
1506117914.744671    0.000622994   -0.065204274    0.997871743 482998.44750   -0.992346512    0.123179771    0.008668522 4421168.19906   -0.123482838   -0.990239944   -0.064628494     -0.00009
1506117914.794674    0.019052007   -0.066179768    0.997625811 482998.63026   -0.992114981    0.122373880    0.027064714 4421168.23166   -0.123874478   -0.990275150   -0.063326471     -0.00010
1506117914.844641    0.037444368   -0.065645889    0.997140179 482998.81065   -0.991533326    0.121714387    0.045246786 4421168.26540   -0.124336571   -0.990391955   -0.060532568     -0.00014
1506117914.894637    0.055086192   -0.065483322    0.996331996 482998.98787   -0.990824739    0.119753938    0.062652457 4421168.30266   -0.123417371   -0.990641675   -0.058285707     -0.00019
1506117914.944637    0.072959671   -0.066494422    0.995115761 482999.16239   -0.989900179    0.116776009    0.080380341 4421168.34289   -0.121550491   -0.990929794   -0.057302901     -0.00023
1506117914.994666    0.090649382   -0.066176453    0.993681723 482999.33571   -0.988316175    0.116787655    0.097937640 4421168.38584   -0.122530924   -0.990949706   -0.054816530     -0.00026
1506117915.044699    0.108230460   -0.066986548    0.991866407 482999.50750   -0.986598867    0.115306501    0.115443000 4421168.43214   -0.122101773   -0.991068723   -0.053609177     -0.00028
1506117915.144600    0.142316237   -0.069621351    0.987369716 482999.85038   -0.982018461    0.115073583    0.149658986 4421168.53524   -0.124039632   -0.990914193   -0.051992612     -0.00029
1506117915.194634    0.159740856   -0.070532682    0.984635973 483000.02335   -0.979479376    0.112850024    0.166988098 4421168.59176   -0.122894311   -0.991105450   -0.051058548     -0.00032
1506117915.244705    0.176932646   -0.070446005    0.981698630 483000.19523   -0.976146696    0.114956155    0.184181188 4421168.65152   -0.125827129   -0.990869539   -0.048426138     -0.00033
1506117915.294662    0.194295926   -0.073831973    0.978160484 483000.36782   -0.972700863    0.114491354    0.201853316 4421168.71580   -0.126894147   -0.990676824   -0.049571220     -0.00030
1506117915.344734    0.211696999   -0.075754523    0.974395009 483000.53973   -0.969138087    0.112585251    0.219307842 4421168.78308   -0.126316067   -0.990750127   -0.049582633     -0.00031
