1506117902.290381 1.0 -5.04379218353e-18 3.66820995469e-19 0.0 5.04379218353e-18 1.0 -7.74648862878e-19 0.0 -3.66820995469e-19 7.74648862878e-19 1.0 -4.4408920985e-16
1506117902.340418 0.999987809516 -0.00353036018988 -0.00345215530315 -0.0255049918103 0.00353609639857 0.999992375254 0.00165694169447 -0.0116120952812 0.00344627938035 -0.00166912864948 0.999992668557 0.138707802523
1506117902.390483 0.99994894527 -0.00626066306653 -0.00793164243509 -0.0208776220916 0.00629017294304 0.999973367592 0.00370105816067 -0.0253598842129 0.00790826011822 -0.00375076060679 0.999961694875 0.283354357271
1506117902.440517 0.99988084437 -0.00895461663616 -0.0125742555329 -0.0268530101219 0.00901604287796 0.999947656226 0.00483691840108 -0.0308406891558 0.0125302845989 -0.00494971208207 0.999909242041 0.449499209954
1506117902.490607 0.999753113866 -0.0118982088792 -0.0187654986807 -0.0276912793905 0.0120179807763 0.999908043365 0.00628275035778 -0.0418003495212 0.0186890195924 -0.00650672263623 0.999804172379 0.599357998417
1506117902.540602 0.999619143887 -0.0135041087639 -0.0240667035769 -0.0296332441027 0.013682699003 0.999879947533 0.00727146950398 -0.0556971204998 0.0239656195947 -0.00759799758141 0.999683909799 0.7662787562
1506117902.590569 0.999468039939 -0.0134935417222 -0.029691100904 -0.0494760000691 0.0137440157453 0.999871526868 0.00824813852721 -0.0619327853067 0.0295759897939 -0.00865182580526 0.9995250906 0.895808259013
1506117902.640648 0.999210284203 -0.0142569689814 -0.0370883644715 -0.0702775956983 0.0145926619068 0.999854829557 0.00879625092442 -0.0663519706541 0.0369575724606 -0.00933052234952 0.999273275531 1.03745995767
1506117902.690635 0.998990462552 -0.0124504151948 -0.0431629805604 -0.0762319213767 0.0128754573989 0.999871182296 0.00958339244117 -0.0765965079401 0.0430381031895 -0.010129460765 0.999022079685 1.18005370847
1506117902.740661 0.998656964399 -0.011728119869 -0.0504650241505 -0.11045167864 0.0122456189284 0.999875437136 0.00995766184407 -0.0835055997127 0.0503419534308 -0.0105622638047 0.998676186914 1.33561129157
1506117902.790710 0.998244476225 -0.0120948644754 -0.0579799960318 -0.117383717815 0.0126840293037 0.9998714875 0.00980427894883 -0.0942562096545 0.0578539634523 -0.0105224872727 0.998269600947 1.48974123675
1506117902.840734 0.99783418151 -0.0107268238787 -0.0648990096952 -0.137830796357 0.0114118126945 0.999882927729 0.0101932019856 -0.0983605061713 0.0647820711383 -0.010911740703 0.997839775302 1.64308158941
1506117902.890749 0.997174298597 -0.00863923729531 -0.0746242708327 -0.166445029908 0.00948953102346 0.999893947558 0.011047281937 -0.110151738793 0.0745209166564 -0.0117242149501 0.997150528137 1.78855120091
1506117902.940779 0.996616721827 -0.00731389643083 -0.0818634026487 -0.171476206658 0.00827611727927 0.999900530323 0.0114208293592 -0.121261795696 0.0817717289594 -0.0120597006377 0.996578119348 1.94946842413
1506117902.990735 0.995810939171 -0.00555937203325 -0.0912670083373 -0.191172177387 0.00672993578468 0.999898936557 0.0125229643345 -0.131501486119 0.0911881647616 -0.0130847259805 0.995747713306 2.10612585801
1506117903.040748 0.995049446791 -0.00501894290068 -0.0992542626474 -0.210720948233 0.00629635707842 0.999901282902 0.0125610643736 -0.139231822876 0.0991814212898 -0.0131238204352 0.994982819454 2.22010091082
1506117903.090779 0.994019820784 -0.00421739435259 -0.109118327857 -0.236888106985 0.00562045202404 0.999905402338 0.0125537601575 -0.150027382048 0.109055061361 -0.0130919807486 0.993949492495 2.38703925591
1506117903.140804 0.992849635505 -0.00400443257118 -0.119304508705 -0.269371359403 0.00563068121394 0.999895735761 0.0132971063379 -0.1569851594 0.119238822145 -0.0138737928367 0.992768664476 2.54184887173
1506117903.190781 0.991528048221 -0.00382964360043 -0.129836294697 -0.309381950123 0.00567279045235 0.999888281908 0.0138290690552 -0.171557455773 0.129768829228 -0.0144484439419 0.991439001365 2.70554353579
1506117903.240785 0.990131163447 -0.0038445625016 -0.140091036513 -0.343855427398 0.00596375299259 0.999874008393 0.0147105740765 -0.177791099359 0.140016830496 -0.0154008661635 0.990029343252 2.8606495278
1506117903.290779 0.988645106171 -0.00448209885529 -0.150202412877 -0.385389009541 0.00690612339741 0.999854139668 0.0156206545531 -0.185177717724 0.150110490985 -0.0164806000771 0.988531855995 2.99286640349
1506117903.340733 0.987016718574 -0.00408708554338 -0.160565541093 -0.393285641274 0.00677421011414 0.999845960263 0.0161915355579 -0.195409186161 0.160474631429 -0.0170690210075 0.986892365554 3.13560792388
1506117903.390742 0.985015268967 -0.00386684181585 -0.172423801829 -0.437092002544 0.00687092869722 0.999834769348 0.016829270396 -0.198540568995 0.172330236005 -0.0177617999537 0.984879083046 3.27017937017
1506117903.440815 0.982979958642 -0.00383599540685 -0.183672768934 -0.477049906352 0.00725140141078 0.999813002201 0.0179270133173 -0.208408746197 0.18356965459 -0.018953779785 0.982823959896 3.43273159534
1506117903.490805 0.980596513752 -0.00186469866696 -0.196028059512 -0.527257289842 0.00566507864296 0.999806687786 0.0188280095139 -0.207436229436 0.19595505633 -0.0195731948636 0.980417516134 3.56421651902
1506117903.540730 0.97803624594 -0.000906134383201 -0.208432916182 -0.580201134733 0.00496930600858 0.999807683227 0.0189710979803 -0.219135215503 0.208375640672 -0.0195901883927 0.977852656024 3.69042925033
1506117903.590739 0.97520199239 0.000178445438696 -0.221316610753 -0.626460383954 0.00437934132134 0.999788320958 0.0201031004059 -0.229669256794 0.221273349972 -0.0205738045476 0.974994781093 3.86784282888
1506117903.640715 0.972385357202 0.000647935820678 -0.233380156136 -0.683029054854 0.00432702701509 0.999774202011 0.0208043704664 -0.233084733697 0.233340939263 -0.0212397074477 0.972162990908 4.00634641389
1506117903.690683 0.969252982723 0.0018781141695 -0.246059196473 -0.734292571425 0.00366369138843 0.999749879804 0.0220625292573 -0.241383290981 0.246039088048 -0.0222856572482 0.969003672147 4.14163111905
1506117903.740635 0.965778736176 0.00344846839673 -0.259344444351 -0.78614824227 0.0026850504062 0.999725095764 0.0232921318254 -0.244875004488 0.259353471645 -0.0231913985429 0.965503980198 4.27111784748
1506117903.790629 0.961969957219 0.00428491312064 -0.273121659573 -0.84894768999 0.00243863198733 0.999702388849 0.0242731704311 -0.252182488513 0.273144383948 -0.0240161039367 0.961673214907 4.40126192924
1506117903.840631 0.958305599184 0.00532072988929 -0.285695761966 -0.890574148755 0.00220138752412 0.999659479813 0.0260015059816 -0.260753627211 0.285736823782 -0.0255463158555 0.957967563794 4.52770544783
1506117903.890636 0.9538569288 0.00678594991192 -0.300184793525 -0.957877650351 0.00162251233552 0.999613499783 0.0277528107813 -0.263827220592 0.300257101221 -0.0269592643878 0.953477252602 4.65892731762
1506117903.940553 0.949321828701 0.0089637060213 -0.314177843786 -1.03092509868 0.000166090065917 0.9995788023 0.0290205169919 -0.269784189003 0.314305644183 -0.0276019920794 0.948920487748 4.80041247819
1506117903.990579 0.944637745889 0.00992793059968 -0.32796488415 -1.08810661098 -0.000143918309689 0.999554578857 0.0298433103508 -0.277305620243 0.32811508397 -0.0281439172678 0.944218413076 4.92443547197
1506117904.040507 0.938999158328 0.0115845979095 -0.343724275765 -1.15664414115 -0.00113099269984 0.999531141522 0.0305976793637 -0.277620276071 0.343917579537 -0.0283424455226 0.938572002708 5.06712863927
1506117904.090575 0.933896885218 0.0133287048389 -0.35729393139 -1.22445920213 -0.00210077597197 0.999492215178 0.031794630667 -0.282659301335 0.357536284202 -0.0289423120406 0.933450667177 5.20725811945
1506117904.140469 0.927982179464 0.0157443403301 -0.372291808054 -1.30294358323 -0.00352284846849 0.999433004079 0.0334852190779 -0.285152426925 0.372607922803 -0.029762158954 0.927511482279 5.31697283785
1506117904.190431 0.921078959526 0.018089968212 -0.38895540023 -1.37520556058 -0.00453193700706 0.999350599579 0.0357468973248 -0.287993177748 0.389349472665 -0.0311629936219 0.920562793059 5.44442430785
1506117904.240378 0.914810256414 0.0198182717276 -0.403397361005 -1.44242160588 -0.00479953716276 0.999258290981 0.0382077524647 -0.294922654538 0.403855369165 -0.0330167232037 0.914226851928 5.56742363581
1506117904.290362 0.907844297986 0.0214813680224 -0.418756828532 -1.52466570645 -0.00506490023199 0.99917578719 0.0402752166868 -0.298305750568 0.419276850542 -0.0344426642613 0.907204842072 5.6788364015
1506117904.340347 0.900916868133 0.0231108248873 -0.433375918212 -1.61465267053 -0.00511577183226 0.999077259737 0.0426433811497 -0.301524307508 0.433961548517 -0.0362010890768 0.900203785572 5.80433210051
1506117904.390301 0.893385294909 0.0248746550793 -0.448602236257 -1.70253635094 -0.00552532867402 0.998998992899 0.0443901219758 -0.305110951158 0.449257371206 -0.0371788074131 0.89262845053 5.92254408862
1506117904.440248 0.885248482693 0.0266055000865 -0.464356836124 -1.78144586766 -0.00597055210226 0.99893040808 0.0458518518795 -0.308260754187 0.465080075254 -0.0378178156209 0.884460477593 6.04683126781
1506117904.490181 0.877083898354 0.0286674637679 -0.479480981655 -1.86193325847 -0.00684865582725 0.998862325176 0.0471927034239 -0.311168137141 0.48028838333 -0.0381081600739 0.876282395678 6.16114330131
1506117904.540132 0.86814579466 0.030737990503 -0.495356492996 -1.97595971937 -0.00795743989842 0.998814065304 0.0480327190739 -0.308934290203 0.496245461807 -0.0377576335488 0.867360826153 6.2665270061
1506117904.590160 0.859231208908 0.0324851552174 -0.510555035553 -2.04953878129 -0.00875872569988 0.998769751298 0.0488084891745 -0.310835631385 0.511512477231 -0.0374659656473 0.858458669393 6.37288223603
1506117904.640087 0.849059663388 0.035280431589 -0.527117614158 -2.14837269911 -0.00995335519634 0.998658807761 0.0508086252784 -0.314276010108 0.528203198332 -0.0378929654321 0.848272069823 6.47920557766
1506117904.690111 0.838046916366 0.0379172956812 -0.544279013611 -2.25736214985 -0.0107927248787 0.998539081601 0.0529454398973 -0.314603392508 0.545491414285 -0.0384965089904 0.837231829147 6.59139632403
1506117904.740053 0.828573350706 0.0401395435793 -0.558439808342 -2.36185455973 -0.0112561299054 0.998419414024 0.0550633566028 -0.313898496909 0.559767364214 -0.0393381588544 0.827715535204 6.69277808369
1506117904.790078 0.817808762381 0.0428218370023 -0.573894692821 -2.46233988444 -0.0116276404904 0.998253723854 0.0579163257419 -0.319131153258 0.57537259767 -0.0406914375091 0.816878559373 6.80148171006
1506117904.840093 0.806840014945 0.0449440630679 -0.589057910123 -2.54976789607 -0.0115631704262 0.998112357147 0.0603159647266 -0.317237432905 0.590656823691 -0.0418539568758 0.805836685018 6.90221643607
1506117904.890085 0.795829251009 0.046843917223 -0.603706427544 -2.6683698476 -0.0117464928483 0.998009833368 0.0619547609735 -0.321494867563 0.60540715485 -0.0422139777884 0.794795669927 7.01748059413
1506117904.940037 0.783614188989 0.0486669786743 -0.619338621435 -2.77718133008 -0.0115961749474 0.997899044115 0.0637418738409 -0.318565105914 0.621139542729 -0.0427670777686 0.782532200946 7.11986812811
1506117904.990031 0.772112401706 0.0494328198404 -0.633560443411 -2.8885425887 -0.0107850665056 0.997845691079 0.0647121251017 -0.320859084727 0.635394461317 -0.0431320428143 0.770982169321 7.23339812651
1506117905.040036 0.760023843157 0.0508375706895 -0.647903773133 -2.99447636617 -0.010710223599 0.997780170245 0.0657268816799 -0.31902505321 0.649806932053 -0.0430148029321 0.758881201365 7.31648203582
1506117905.090007 0.747621572501 0.0524917095606 -0.662047282873 -3.11947612732 -0.010640899604 0.997690351153 0.0670875135332 -0.316113282579 0.664039724405 -0.0431112936927 0.746453388209 7.40546932169
1506117905.139999 0.734490201301 0.0542731087851 -0.676445543895 -3.23618964906 -0.0107930773566 0.99760497908 0.0683214109561 -0.315028972338 0.678533458036 -0.0428804778035 0.733316855765 7.50031108033
1506117905.190045 0.722104402866 0.0567084327422 -0.689455861544 -3.35831481565 -0.0110359862617 0.997451942355 0.0704828326621 -0.314333865424 0.69169605924 -0.0432871383757 0.720890272706 7.60084658304
1506117905.240008 0.709120547497 0.0595310272251 -0.702569644886 -3.48279508639 -0.0113314384451 0.997262860712 0.0730642535599 -0.311716973559 0.704996203976 -0.0438502388024 0.707854157957 7.68401064155
1506117905.289971 0.696123192861 0.0630083872415 -0.715152042225 -3.62600985981 -0.0126439209691 0.997062711465 0.0755386038257 -0.310690859855 0.717810999932 -0.0435418481766 0.694875151256 7.7690191677
1506117905.339992 0.683338852755 0.0666844926253 -0.72704964807 -3.76689672222 -0.0143118208417 0.996852252468 0.0779792186048 -0.302044927863 0.729961083962 -0.0428808254739 0.682142251079 7.85914597726
1506117905.389973 0.669898822276 0.0706798985522 -0.739080455603 -3.89024727804 -0.0166428942191 0.996637778192 0.0802256389947 -0.302571354215 0.742265843203 -0.0414426232368 0.668822791921 7.92440989977
1506117905.440013 0.656541832347 0.0741121184731 -0.750639871225 -4.02412776903 -0.0183546436104 0.996436392138 0.0823263231356 -0.296577089934 0.754066263292 -0.0402729477258 0.655562476234 8.03549764462
1506117905.489991 0.64386872212 0.0771745624355 -0.761233969019 -4.13950771284 -0.0196765740975 0.996241306988 0.0843569243367 -0.2968776254 0.764882932943 -0.0393363084777 0.642967148249 8.1075865919
1506117905.540024 0.630005535098 0.0804658115571 -0.772410693165 -4.28828088949 -0.0214650450899 0.996041837338 0.0862549135556 -0.290538632703 0.77629393762 -0.0377612426128 0.629239072985 8.1843688426
1506117905.590001 0.617806827807 0.083063804902 -0.781930385539 -4.40251093807 -0.0216388287784 0.995824325115 0.088688638497 -0.286111581515 0.786032114232 -0.0378723886831 0.617024470805 8.27012343169
1506117905.640016 0.604810070461 0.085687279857 -0.791746467463 -4.54409551243 -0.0216349295234 0.995595520979 0.0912221926452 -0.287658502078 0.796075818307 -0.0380427217374 0.604000035455 8.35278154589
1506117905.690018 0.591628623009 0.0873900653307 -0.801460260349 -4.70632516782 -0.0190815532546 0.99534715296 0.0944454309115 -0.280866492587 0.805984780726 -0.0405835136003 0.590543403707 8.43591570521
1506117905.740098 0.580228903564 0.0893377994081 -0.809538866927 -4.8555221395 -0.0162507255214 0.995037829616 0.0981612528079 -0.274890295749 0.81429130745 -0.0438004021639 0.57880151294 8.53146152158
1506117905.790094 0.566639534768 0.0918859503191 -0.818826361185 -5.01061535802 -0.0126121243926 0.994613358511 0.102884407906 -0.258677345277 0.823869268729 -0.0479712331078 0.564746127776 8.60864851627
1506117905.840096 0.553638944967 0.0959651074011 -0.827208931756 -5.1437917367 -0.0116571183355 0.994133688966 0.10752822911 -0.257410544368 0.832675224927 -0.0498889429132 0.551509803328 8.686268619
1506117905.890167 0.541654604511 0.0977354075508 -0.834900041635 -5.2936457808 -0.00935813931759 0.993857379245 0.11027209506 -0.246590327365 0.840549055463 -0.0519162771325 0.539242047256 8.78760629522
1506117905.940170 0.529646579248 0.0997653191009 -0.842330922023 -5.4529090628 -0.00753087178536 0.993572923614 0.112943045076 -0.245260353648 0.848184995777 -0.0534764112994 0.526993820052 8.84899034169
1506117905.990233 0.517221209385 0.10164160294 -0.84979480177 -5.59769131926 -0.00710024102443 0.993398322143 0.114496114083 -0.223159790447 0.85582229881 -0.0531860706822 0.514528361459 8.91514041797
1506117906.040267 0.503978695044 0.106214956483 -0.857160345537 -5.7453726821 -0.00971036071188 0.99304389797 0.117343621894 -0.224398017579 0.863661498411 -0.0508153492906 0.501504353361 8.97985179261
1506117906.090302 0.49187981338 0.109972489464 -0.863689933223 -5.91930578547 -0.0118547560968 0.992744935295 0.119653492238 -0.211859115741 0.870582399286 -0.0486163039307 0.489614890547 9.04048783704
1506117906.140313 0.478916058765 0.112346401205 -0.870642116368 -6.08077512133 -0.0110835769308 0.992471855493 0.121970366796 -0.205849776048 0.877790728465 -0.0487637384761 0.476555909448 9.12096392666
1506117906.190370 0.465929663712 0.119385414899 -0.876730671976 -6.25737203754 -0.0176267470039 0.991911420827 0.125702152026 -0.19385780433 0.884646170095 -0.0431144516758 0.464265331242 9.19316481699
1506117906.240376 0.454618280108 0.120156202548 -0.882544450088 -6.4047753954 -0.0183403775111 0.991911584089 0.125598725725 -0.189113774308 0.890497529443 -0.040913278288 0.453144848493 9.2296246892
1506117906.290440 0.44133480659 0.123140049111 -0.888853259429 -6.58106392749 -0.0193727463763 0.991616196244 0.127757645736 -0.185323282887 0.897133370904 -0.0391643671105 0.440020303121 9.29364507548
1506117906.340522 0.429746056845 0.123420426819 -0.894475111375 -6.74615243846 -0.016698076031 0.991531319313 0.128789817445 -0.170356260546 0.902795381514 -0.0404109027913 0.428167558384 9.35327848156
1506117906.390513 0.417482125785 0.124160980594 -0.900162610614 -6.91872948272 -0.0137269766768 0.991369728317 0.130374966492 -0.172607849547 0.90858144641 -0.0420727069988 0.415583496502 9.40891034825
1506117906.440611 0.405737974965 0.12590665412 -0.905275764681 -7.06515388283 -0.0141449148461 0.991212702203 0.131519201546 -0.14399932716 0.913879979568 -0.0405572859008 0.403953573453 9.45848739803
1506117906.490588 0.394436951944 0.12442014921 -0.910460936785 -7.2372865411 -0.00864261868632 0.991249787399 0.131716225744 -0.143136599281 0.918882362484 -0.0440849798986 0.392060860663 9.51610982769
1506117906.540642 0.382536599609 0.125807061811 -0.915335093372 -7.42277326043 -0.00731520499796 0.991067709201 0.133158865849 -0.138629929767 0.923911379806 -0.0442422758996 0.380039975907 9.58051568561
1506117906.590680 0.371096903719 0.124483288528 -0.920212474881 -7.59821849003 -0.00485588244081 0.991220400862 0.132130758423 -0.0967155051303 0.928581449554 -0.0445648717383 0.368443297878 9.6224431546
1506117906.640723 0.359361278851 0.127918536241 -0.924389701018 -7.76926438868 -0.00629403964342 0.990870325186 0.134671391654 -0.103905288916 0.933177290941 -0.0425775381053 0.356885551573 9.68694124453
1506117906.690719 0.347653938929 0.130621997724 -0.928479742621 -7.93779256536 -0.00653633147302 0.990562124882 0.13690855751 -0.0816009391097 0.937600136048 -0.0415279479275 0.345226613144 9.73464450291
1506117906.740783 0.336935817579 0.132176043335 -0.932203705421 -8.12711317116 -0.00645988545967 0.990398266469 0.13809251846 -0.0790182932492 0.941505456549 -0.0405063864466 0.334554491742 9.77866368652
1506117906.790879 0.326289114601 0.135689163308 -0.935480552793 -8.31429095074 -0.0094221233814 0.990061427099 0.140319614319 -0.0580617299322 0.945223062184 -0.036970549528 0.324324746487 9.8334643932
1506117906.840883 0.316040398858 0.136133340161 -0.938928208111 -8.49446798465 -0.0101494798269 0.990080592367 0.140133538729 -0.0489236408395 0.948691443173 -0.0347582265662 0.314287147903 9.86011412919
1506117906.890916 0.305649847618 0.136636306086 -0.942289069506 -8.67816428796 -0.0119284950686 0.990121599209 0.13970300564 -0.031485006536 0.952069263056 -0.0314601118668 0.304260381425 9.91621071718
1506117906.941009 0.296785719686 0.137213730596 -0.945034723556 -8.84446195364 -0.0141629598243 0.990146702201 0.139315895322 -0.0246701235241 0.954839068723 -0.0279624794345 0.295804754162 9.95047881146
1506117906.991064 0.28732309668 0.136772005912 -0.948018384059 -9.05990481181 -0.0161246536533 0.990302989908 0.137985447508 -0.0103165482418 0.957697986663 -0.0243599379749 0.286742322937 10.0033277471
1506117907.041162 0.279162816936 0.135733383085 -0.950602214576 -9.23230300209 -0.0153319537261 0.990463108921 0.136922463684 0.00690635592052 0.960121374012 -0.0236490714981 0.278581529507 10.0446086834
1506117907.091165 0.270294209887 0.135228644444 -0.953233577788 -9.44387361557 -0.0132554318231 0.990515665111 0.136758951069 0.00760906226436 0.962686518878 -0.0243296299225 0.269523163159 10.0936680394
1506117907.141224 0.261445950474 0.136172693258 -0.955564237815 -9.63980705095 -0.0155281152678 0.990463508682 0.136897463843 0.0310546732097 0.965093204109 -0.0209531759212 0.261067178714 10.1186765758
1506117907.191311 0.253521248141 0.135753411015 -0.957756747895 -9.82558683881 -0.0130062589662 0.990492487442 0.136950609888 0.0499177529411 0.96724237602 -0.0222630572627 0.25287653571 10.1483949244
1506117907.241379 0.244769686876 0.138196550959 -0.959681985707 -10.0467385792 -0.0133885460307 0.990177543554 0.139173198128 0.0510394667928 0.969488807167 -0.0212166336868 0.244215698171 10.2040846841
1506117907.291456 0.237973732033 0.137923384971 -0.961428958759 -10.2317437748 -0.0123812403142 0.990216586828 0.138988546504 0.0802366835118 0.971192672826 -0.021171940138 0.237353199263 10.2464039436
1506117907.341492 0.229329731779 0.13883129906 -0.963396981791 -10.4576733802 -0.0122641292076 0.990109270051 0.13976131258 0.0856743671103 0.973271526994 -0.0202361992642 0.228764138322 10.2823363817
1506117907.391608 0.22219990866 0.1397522681 -0.964933419544 -10.6370255808 -0.0121147936496 0.989993493997 0.140592011221 0.107244222131 0.974925859933 -0.0195495627884 0.221669533831 10.3025989769
1506117907.441671 0.215492974747 0.139369451355 -0.966508631034 -10.8523298513 -0.0133046081643 0.990089887128 0.139803443479 0.116534634775 0.976414750624 -0.0172676412918 0.215211670985 10.3507842572
1506117907.491757 0.208585796432 0.139563818492 -0.967994786192 -11.0462634873 -0.0134965462797 0.990082117638 0.139840064259 0.133306215361 0.977910941122 -0.0161040647462 0.208400696575 10.3708789144
1506117907.541917 0.201827559932 0.140573767139 -0.969280481617 -11.2674375456 -0.0128190248171 0.989940714131 0.14090086979 0.14913893289 0.979337178225 -0.0160124481935 0.20159933742 10.4198598031
1506117907.591939 0.196105790796 0.141669564984 -0.970294931025 -11.4716756776 -0.0126746690089 0.989792020703 0.141954600199 0.161122292277 0.980500826915 -0.0155399520375 0.195899561789 10.450584327
1506117907.642036 0.188320352347 0.143078767277 -0.971629513367 -11.7006863439 -0.0144888920804 0.989628049086 0.142920944819 0.173820645351 0.982000772351 -0.0128370875247 0.188440155715 10.4823477663
1506117907.692162 0.18272727423 0.143229031567 -0.9726747595 -11.8921696678 -0.0142725606863 0.989613690433 0.143042083735 0.197952220414 0.983060037467 -0.0122551305281 0.182873657238 10.5004381647
1506117907.742229 0.176789063469 0.144292459138 -0.97361456094 -12.1049901269 -0.0149195447315 0.989474829724 0.14393390333 0.194966477078 0.984135678767 -0.0109200539781 0.177081106272 10.5297010469
1506117907.792337 0.169911918684 0.144850964359 -0.974755424716 -12.2968268966 -0.0140829727779 0.989394137017 0.144571475449 0.24172177296 0.985358619877 -0.0108369626691 0.170149788343 10.5539356031
1506117907.842439 0.164489645172 0.147660278885 -0.97526386105 -12.5310608377 -0.0169231638981 0.989008500887 0.146887003156 0.21798294676 0.986233625038 -0.00765684086504 0.165180536484 10.598878175
1506117907.892490 0.15824900455 0.14564169895 -0.976599072335 -12.7230800955 -0.0166134512346 0.98931473511 0.144845946207 0.256714916599 0.987259462247 -0.0066970457365 0.158977683281 10.6129303568
1506117907.942633 0.151488143799 0.144388436267 -0.977856493439 -12.9631094431 -0.0165076505511 0.989505216076 0.143551122715 0.279252459827 0.988321222964 -0.00560417983743 0.152281822312 10.6434766361
1506117907.992806 0.146030230729 0.144597118476 -0.978655631487 -13.1765242317 -0.0175895387147 0.989483500288 0.143572319009 0.283589704578 0.989123743442 -0.00375179775291 0.147037900463 10.6720401515
1506117908.042843 0.140410311654 0.141930309934 -0.979867711226 -13.4027237645 -0.0184995749177 0.989875306053 0.140728974253 0.296345729148 0.989920557474 -0.00163266300039 0.141614350623 10.687417606
1506117908.092913 0.133945186072 0.141136802601 -0.980886889544 -13.6231502921 -0.0183909703947 0.989989852005 0.139935217639 0.314524129075 0.990818075802 -0.00070418701852 0.135200017694 10.7118368964
1506117908.143067 0.129464641468 0.138825900115 -0.98181784261 -13.8477342624 -0.0143934239654 0.990309698537 0.138128673093 0.320580488319 0.991479569107 -0.00375105867294 0.130208270101 10.7338108491
1506117908.193142 0.122983247138 0.13633206891 -0.982999841256 -14.0714779249 -0.0117566791955 0.990649760641 0.135922155063 0.328578937387 0.992339106061 -0.00515933420469 0.123436136738 10.768857691
1506117908.243254 0.116855325783 0.135647147134 -0.983841798416 -14.2744429691 -0.0117917047145 0.990748319305 0.135198829486 0.356581467356 0.993078943758 -0.00419753129234 0.117373728726 10.7677264918
1506117908.293332 0.110969714965 0.13384725966 -0.984769330068 -14.5206125956 -0.00939311265915 0.990986267825 0.133633777228 0.359570386237 0.993779397953 -0.00557925290799 0.111226706063 10.7954802635
1506117908.343441 0.105879428697 0.13427166768 -0.985271874072 -14.7205285705 -0.00955315668764 0.99093304425 0.134016562446 0.384888874161 0.994333084925 -0.00477714047481 0.106202142882 10.8148256457
1506117908.393567 0.102838680487 0.13188323753 -0.985916333902 -14.9692352164 -0.00469110739538 0.991224759354 0.132104011883 0.389275612418 0.994686985592 -0.00896036286387 0.102554924749 10.8371862806
1506117908.443677 0.096306997614 0.132655387548 -0.986472255243 -15.1879602016 -0.0123168457034 0.99116205681 0.132083581313 0.414884899242 0.995275468161 -0.000570346591893 0.0970897377804 10.8464770401
1506117908.493763 0.0926901655062 0.129615855208 -0.987222499388 -15.4058586519 -0.0109312240168 0.991563581954 0.12915948004 0.457839936326 0.995634994142 -0.00118026328635 0.0933250524706 10.8517596028
1506117908.543884 0.0874102249619 0.132613052008 -0.987306047287 -15.6736806425 -0.0151486984271 0.991161928262 0.131789790573 0.430332389563 0.996057211965 0.00343662632393 0.0886466022555 10.8752084361
1506117908.594000 0.0854183446828 0.13183863073 -0.987584063176 -15.8806694957 -0.0141908941622 0.991267191522 0.131102912001 0.481284908905 0.996244109099 0.0028161071906 0.0865433106933 10.8730641392
1506117908.644046 0.0796266732945 0.134050536551 -0.987770239757 -16.1150723626 -0.0198899056036 0.99093302424 0.132876382874 0.476364275494 0.996626301356 0.00906615249919 0.081570952696 10.8894608014
1506117908.694161 0.0758834274423 0.139118807041 -0.9873639972 -16.3420362331 -0.0191845273507 0.990239504837 0.13804954535 0.483638697306 0.996932123743 0.00846643895136 0.0778116961744 10.9010830817
1506117908.744225 0.0742969300581 0.140977311783 -0.987221030847 -16.6018911086 -0.0138603904947 0.990007469343 0.140332106874 0.513221716403 0.997139837615 0.00325702426277 0.075508516299 10.9191068855
1506117908.794389 0.0724873083744 0.142914436952 -0.98707702528 -16.8304092827 -0.013627951272 0.989730075625 0.142297773516 0.513175480983 0.997276225059 0.00313705501237 0.0736905001821 10.9406820501
1506117908.844402 0.0695048629894 0.14468574111 -0.987033489979 -17.0583449598 -0.0114929891145 0.989476779244 0.14423458163 0.542386011434 0.997515406007 0.00131896032147 0.0704363196201 10.950712062
1506117908.894557 0.0658296210731 0.141935131009 -0.987684605314 -17.3121820379 -0.00973411152369 0.989875917945 0.141601250511 0.530028088303 0.997783397367 0.000292675433759 0.066544768982 10.9697538084
1506117908.944623 0.0633272558179 0.139978297744 -0.988127387957 -17.5320204072 -0.00965875218785 0.990154323955 0.139646422295 0.568280566388 0.997946074283 0.000700652861552 0.0640557718619 10.9822565643
1506117908.994778 0.0605703580315 0.136867013738 -0.988735886007 -17.7742852165 -0.00621650877622 0.990587127831 0.136742448398 0.573333994805 0.998144572067 -0.00213605374483 0.0608510519862 10.9705221662
1506117909.044795 0.0583906164975 0.135210087149 -0.989094923775 -18.0091612074 -0.00991983147607 0.990815058376 0.134859619749 0.585458636023 0.998244525579 0.00193711861993 0.059195563372 10.9869196802
1506117909.094891 0.0558384805528 0.132619719398 -0.989592883016 -18.246559286 -0.0100255659077 0.991163750274 0.132264538598 0.613288183619 0.99838947917 0.00253577780415 0.0566746655318 10.9798351286
1506117909.144955 0.0516831336015 0.132355452076 -0.989853973072 -18.4810537161 -0.0110820508154 0.991193631019 0.131955954685 0.60987710719 0.998602043785 0.00414971479387 0.0526947627025 10.9975254187
1506117909.195117 0.0495371292857 0.132776151982 -0.989907352376 -18.720056216 -0.0110051946126 0.991136566546 0.132390302316 0.64518558193 0.998711649333 0.00433588753932 0.0505592876292 11.0102990281
1506117909.245168 0.0476069354981 0.131933412477 -0.99011471778 -18.9522640436 -0.0106648315371 0.99124927331 0.131571803708 0.64166440082 0.998809211542 0.00429567629507 0.0485973878352 11.0122764095
1506117909.295265 0.0447897348844 0.131241979342 -0.990338034465 -19.2006386885 -0.0112122864269 0.991336501706 0.130867203753 0.66117141988 0.998933513444 0.00524244634067 0.0458732217562 11.0246728156
1506117909.345490 0.044115985278 0.130441439339 -0.990474033353 -19.4382863005 -0.00856024430839 0.991452242483 0.13018898991 0.693995064394 0.998989740718 0.0027352841444 0.0448555031219 11.0335200381
1506117909.395479 0.0415480961729 0.132146643571 -0.990359036056 -19.698977772 -0.00632694545848 0.991229869166 0.131997409949 0.693536841089 0.999116472422 0.000781706522278 0.04201979854 11.034916821
1506117909.445513 0.0403621067727 0.134529593703 -0.990087212701 -19.9481398462 -0.00526823205067 0.990909554112 0.13442656471 0.712496210002 0.999171229604 -0.000209730170999 0.0407039303425 11.0544300834
1506117909.495550 0.0386496820121 0.135382222878 -0.990039320335 -20.1968433582 -0.00406686130081 0.990792715041 0.135326481005 0.736900369976 0.999244546004 -0.0012039728605 0.0388444040993 11.0565295478
1506117909.545676 0.0363173208035 0.13908193072 -0.989614707225 -20.4501648859 -0.00395965270526 0.99028023212 0.139030151487 0.749735744966 0.999332463878 -0.00113067206027 0.0365150410185 11.0628298017
1506117909.595732 0.0348495989941 0.141482626186 -0.989327130901 -20.6842037765 -0.00186712751466 0.989935934531 0.141503919943 0.763577908723 0.999390824095 -0.00308415495901 0.0347630364525 11.069137138
1506117909.645813 0.0335070157372 0.142414302012 -0.989239832639 -20.9352888565 -0.00281615090972 0.989805144527 0.142400299022 0.768017076574 0.999434514708 -0.00198556040571 0.0335664767206 11.0780013112
1506117909.695853 0.0312465491376 0.142416359177 -0.989313516437 -21.1848504127 -0.00455558039173 0.989806838297 0.142343491413 0.804679564933 0.999501325589 5.91543578936e-05 0.0315768371829 11.0842324131
1506117909.745931 0.0315387728841 0.142061032692 -0.989355329897 -21.4349368275 -0.00206131601292 0.989854890025 0.14206705343 0.80788940045 0.999500403592 -0.00244124654847 0.0315116412462 11.0944435159
1506117909.795927 0.0301059568694 0.141934986451 -0.989418056729 -21.6647547496 -0.00421130518006 0.989875976427 0.141872535048 0.816656678457 0.99953784134 -0.000104467033543 0.030398894996 11.097251616
1506117909.845960 0.0293381898881 0.140355181168 -0.989666455799 -21.923075179 -0.00203138109938 0.990098975831 0.140356302134 0.849030822095 0.999567478515 -0.00210741011101 0.0293328266232 11.1092534578
1506117909.896034 0.0276070003428 0.139781293715 -0.989797475982 -22.2090380792 -0.00161158622649 0.99017981398 0.139790338635 0.851800371945 0.999617555029 -0.00226404794731 0.0275611640717 11.1160867144
1506117909.946087 0.027020482024 0.139216527259 -0.989893252876 -22.4205540403 -0.000285527557811 0.990255849053 0.139259728168 0.878996587352 0.999634839341 -0.00348022317864 0.0267969405235 11.1275366727
1506117909.996072 0.0257294326988 0.139063064185 -0.989949221159 -22.6954486935 0.00191836172156 0.990268367122 0.139157755683 0.886349192424 0.99966710268 -0.00547953080152 0.0252122700464 11.1409974909
1506117910.046197 0.0246472970207 0.139444805902 -0.989923056028 -22.9193291509 0.00198361612479 0.990215105874 0.139535333756 0.912300628982 0.999694241264 -0.00540279615221 0.0241295208633 11.1445920797
1506117910.096240 0.0244044774281 0.139091494366 -0.989978776377 -23.1845053756 0.00324196877457 0.990257494715 0.13921057359 0.92992276522 0.999696909628 -0.00660684158143 0.0237157863962 11.1469851343
1506117910.146266 0.0243014934121 0.139856416613 -0.989873537453 -23.4480925908 0.00323181468401 0.990149793566 0.139974789425 0.945634032146 0.999699451231 -0.00660068425672 0.0236101286645 11.1514059049
1506117910.196294 0.0253484233737 0.139024368062 -0.989964485483 -23.7021473491 0.00407301522947 0.990260103824 0.139170173967 0.963678652028 0.999670379665 -0.00755988491671 0.0245352839934 11.1562439605
1506117910.246350 0.0236917148169 0.140295465236 -0.98982618933 -23.9385838034 0.00287662216111 0.990090434092 0.140401771227 0.985909798756 0.999715173284 -0.00617371467558 0.0230533631631 11.1583249352
1506117910.296326 0.0241022208138 0.141610985764 -0.989628926246 -24.2035581875 0.00392233086843 0.989895483228 0.141744656353 0.998613637569 0.999701804676 -0.0072980130923 0.0233032343786 11.1680316799
1506117910.346394 0.02420848546 0.14353980326 -0.989348408859 -24.4715789789 0.000272246950962 0.989637457265 0.143588401547 1.01660759611 0.999706894601 -0.00374540481883 0.0239185457211 11.1733788661
1506117910.396450 0.0253354961471 0.143706546527 -0.989295982565 -24.7326529673 0.00221815657329 0.98960312645 0.143807968838 1.03722431399 0.999676543896 -0.00583785962706 0.0247533225765 11.171687935
1506117910.446502 0.02458395201 0.145858344293 -0.9889999862 -24.9910919794 -0.000141427012905 0.989299480573 0.145898998407 1.04283268437 0.999697758976 -0.00344690266134 0.0243415192639 11.1892587684
1506117910.496563 0.0239254348846 0.143632615007 -0.989341824382 -25.2505098706 1.45261263289e-05 0.989625058662 0.143674086238 1.07578449363 0.999713745707 -0.00345183629922 0.0236751234757 11.1978763988
1506117910.546534 0.0258901802435 0.142786847282 -0.989414784006 -25.5061467718 0.000293266622217 0.98974542642 0.142842237715 1.07220969262 0.999664750085 -0.00398837361252 0.0255828128688 11.2230231048
1506117910.596589 0.0258156078796 0.141338863054 -0.989624615791 -25.7592968584 0.000404617177572 0.989952987781 0.141396316316 1.10141916274 0.999666639773 -0.00405065097654 0.02549905002 11.2225406882
1506117910.646628 0.0282900207814 0.138489871448 -0.989959711418 -26.0073616351 0.000769792116875 0.990352782212 0.138566858176 1.10822634365 0.999599460856 -0.00468212247929 0.0279104923784 11.2261569522
1506117910.696612 0.0275259086458 0.138369168062 -0.989998130141 -26.2488913793 -0.00073688539852 0.990375931777 0.138401483939 1.13183353331 0.999620818787 -0.0030801114367 0.0273629596427 11.2262408058
1506117910.746681 0.0271770060011 0.137551711767 -0.990121677843 -26.5209401071 0.00102269123099 0.990483183077 0.137630004518 1.14476994025 0.999630113816 -0.00475296021626 0.0267776944811 11.2318212477
1506117910.796694 0.0284958825991 0.137524312806 -0.990088404165 -26.781432551 -0.00122685227088 0.990494698379 0.137545437277 1.15917609598 0.999593156994 -0.00270478642568 0.0283937426555 11.2366211023
1506117910.846728 0.0287351846677 0.136617464466 -0.990207027629 -27.0364994975 -0.00104832625212 0.990619667368 0.13664397402 1.18782169932 0.9995865096 -0.00288842980508 0.0286088587518 11.269808698
1506117910.896746 0.0302594628562 0.13655678653 -0.990169989931 -27.3060775548 -0.00291199325533 0.99063145849 0.136531438672 1.19674804861 0.999537835804 -0.0012479996649 0.0303736282637 11.2790954609
1506117910.946774 0.0302873190815 0.136872797421 -0.990125504989 -27.5572292044 -0.00257037500584 0.990587339464 0.136858014253 1.22503519035 0.999537928983 -0.00160006849588 0.030354049246 11.2607007643
1506117910.996775 0.0298768290888 0.138116808788 -0.989965212628 -27.7802563915 -0.00449125286249 0.990415894226 0.138044141901 1.23065050749 0.999543497668 0.000321862860702 0.0302108039115 11.2776569437
1506117911.046813 0.0323916141576 0.140789253528 -0.989509560046 -28.0658279248 -0.00500594546487 0.990039508984 0.140700785926 1.25882092803 0.999462717585 0.00039590532518 0.032773761101 11.2974242086
1506117911.096791 0.0323452995516 0.14484929994 -0.988924902055 -28.3290579836 -0.00280540606116 0.989451883989 0.14483472984 1.27087004192 0.999472816686 -0.00191038680789 0.0324104786835 11.3106902991
1506117911.146786 0.0318664038035 0.149111759043 -0.988306741667 -28.5874784168 -0.00279481695439 0.988818348721 0.149098833767 1.28657612969 0.999488229699 -0.00198910720569 0.0319268248609 11.3104017795
1506117911.196831 0.0327902516227 0.1511615893 -0.987965066851 -28.8306438295 -0.00209139525496 0.988504839141 0.151174763309 1.30583788611 0.999460066968 -0.00289083307503 0.0327294610363 11.3162148771
1506117911.246885 0.0343121334447 0.152343531585 -0.987731808682 -29.0785967339 -0.00427990043394 0.988327097982 0.152286669955 1.31588034467 0.999402001174 -0.000997886744745 0.0345636264199 11.3345690617
1506117911.296838 0.0347491778381 0.151481168811 -0.987849153533 -29.3279275205 -0.00541065334518 0.98846014 0.151384531778 1.33687910102 0.999381418413 8.44213104059e-05 0.0351677892835 11.3571111421
1506117911.346817 0.0354379054869 0.149317623833 -0.988154037621 -29.5719995209 -0.0054825554351 0.988789275022 0.149216993629 1.34863024865 0.999356841394 0.000129671572406 0.0358592630248 11.3676985304
1506117911.396842 0.0364782855102 0.146030570699 -0.988607306825 -29.8053334748 -0.00748274681633 0.989277897481 0.145853522606 1.3632369709 0.999306431074 0.00207701173747 0.0371798713812 11.3575648804
1506117911.446832 0.0349930600652 0.143058172012 -0.989095468177 -30.0593735732 -0.0091881315814 0.989705829948 0.142821386375 1.38756093099 0.999345317688 0.00409018195617 0.0359472728625 11.3645784855
1506117911.496814 0.0376894187243 0.140183312923 -0.98940797778 -30.3436933265 -0.00920476414762 0.990118146928 0.139933296396 1.3931821408 0.999247106592 0.00383326247988 0.038607331759 11.3863175476
1506117911.546811 0.0388375939934 0.137797138892 -0.989698736892 -30.5728267096 -0.0120759233124 0.990438388082 0.137426240178 1.40444911671 0.99917256436 0.00661422152905 0.0401302716738 11.3845189712
1506117911.596814 0.0411152680476 0.132648722699 -0.99030997728 -30.7851680623 -0.00984547067657 0.991153749212 0.132352983078 1.42425239782 0.999105901014 0.00430833946586 0.0420575411849 11.4046558783
1506117911.646912 0.0402363809956 0.130712734529 -0.990603459855 -31.0686306519 -0.0119967877216 0.991398048667 0.13033029649 1.43426140219 0.999118166549 0.00664003995931 0.0414584025332 11.4115536002
1506117911.696849 0.0395647768963 0.127805281779 -0.991009807408 -31.3032585079 -0.0122999651468 0.991773518158 0.127412713405 1.459390431 0.999141300961 0.00714833051165 0.0408112984891 11.4284621348
1506117911.746858 0.0403769071793 0.125704070122 -0.991245777858 -31.5618493203 -0.012978303712 0.992037068983 0.125275765398 1.46723945123 0.999100229706 0.00780644080697 0.0416868142526 11.4281687879
1506117911.796803 0.0410856070567 0.125713815773 -0.991215420288 -31.7751365952 -0.012981363809 0.992036509482 0.125279878863 1.47123619062 0.999071297299 0.00772012810877 0.0423903589929 11.453951568
1506117911.846854 0.0400249193112 0.125070027424 -0.991340251414 -32.0255721092 -0.0134207549142 0.992113060944 0.124625670078 1.48648281488 0.999108547242 0.00831640216187 0.041387779397 11.4551136248
1506117911.896811 0.0418475444614 0.12381849773 -0.99142209106 -32.2923336553 -0.0131245983931 0.99227383767 0.123370887944 1.50073787037 0.999037801056 0.00784924806471 0.0431492915961 11.4730717685
1506117911.946816 0.0422033656079 0.123003426159 -0.991508463446 -32.5444785763 -0.0125302369642 0.992379758759 0.122578169211 1.51047537295 0.999030464547 0.0072506247082 0.043423027858 11.4764068082
1506117911.996737 0.0442845875251 0.121519929293 -0.991600616222 -32.7721247834 -0.0121151707277 0.992566710803 0.121097263568 1.50786732438 0.99894549298 0.00665066839174 0.0454276420693 11.4989462782
1506117912.046801 0.0446328577167 0.119490652305 -0.991831584506 -33.0147625381 -0.0134520009751 0.992802846377 0.119002318864 1.53025587148 0.998912884931 0.0080307058761 0.0459190165544 11.5222439016
