1506117902.290381   -0.968945288    0.074910406   -0.235655383 482959.46746    0.238910369    0.037826173   -0.970304600 4421188.97016   -0.063771971   -0.996472585   -0.054548364      0.25740
1506117902.340418   -0.969480720    0.078723900   -0.232184584 482959.45861    0.235697273    0.038602008   -0.971059566 4421188.82903   -0.067482805   -0.996148800   -0.055978911      0.26304
1506117902.390483   -0.970288243    0.081858538   -0.227683781 482959.41901    0.231462684    0.039968808   -0.972022387 4421188.68927   -0.070468082   -0.995842193   -0.057728462      0.26855
1506117902.440517   -0.971107266    0.084749445   -0.223087895 482959.38524    0.227064751    0.040487570   -0.973037695 4421188.52642   -0.073432118   -0.995579373   -0.058561385      0.26533
1506117902.490607   -0.972209965    0.087965576   -0.216955851 482959.34991    0.221171938    0.041293592   -0.974360207 4421188.38040   -0.076751270   -0.995267249   -0.059601558      0.26813
1506117902.540602   -0.973198910    0.089776665   -0.211716867 482959.31142    0.216082992    0.041967732   -0.975472629 4421188.21745   -0.078689403   -0.995077314   -0.060242161      0.27299
1506117902.590569   -0.974370019    0.090014135   -0.206156545 482959.29965    0.210605443    0.042992472   -0.976625309 4421188.08679   -0.079046903   -0.995012112   -0.060848043      0.27341
1506117902.640648   -0.975796205    0.090912542   -0.198888600 482959.28610    0.203413580    0.043467992   -0.978127522 4421187.94420   -0.080278772   -0.994909766   -0.060908748      0.27141
1506117902.690635   -0.977144756    0.089351590   -0.192884469 482959.25750    0.197396140    0.044675429   -0.979305300 4421187.80403   -0.078885289   -0.994997688   -0.061292020      0.27422
1506117902.740661   -0.978589988    0.088754036   -0.185699640 482959.25348    0.190205680    0.045268104   -0.980700055 4421187.64466   -0.078634817   -0.995024382   -0.061180436      0.27480
1506117902.790710   -0.979927714    0.089099722   -0.178333719 482959.22307    0.182834778    0.045141741   -0.982106749 4421187.49304   -0.079455144   -0.994999228   -0.060526171      0.27755
1506117902.840734   -0.981258109    0.087866752   -0.171499148 482959.20644    0.175966256    0.045846707   -0.983328000 4421187.33922   -0.078539167   -0.995076637   -0.060449036      0.27458
1506117902.890749   -0.983057729    0.086036285   -0.161849498 482959.19900    0.166286244    0.047134217   -0.984950380 4421187.19078   -0.077112822   -0.995176428   -0.060642307      0.28022
1506117902.940779   -0.984317057    0.084831654   -0.154672302 482959.16512    0.159071638    0.047776627   -0.986110343 4421187.03302   -0.076263650   -0.995249207   -0.060521659      0.28283
1506117902.990735   -0.985871157    0.083373049   -0.145282471 482959.14652    0.149683831    0.049190328   -0.987509525 4421186.87593   -0.075185188   -0.995303595   -0.060974923      0.28575
1506117903.040748   -0.987049446    0.082858791   -0.137360153 482959.13802    0.141729608    0.049357464   -0.988674142 4421186.76037   -0.075140596   -0.995338265   -0.060461802      0.28848
1506117903.090779   -0.988429204    0.082074940   -0.127559452 482959.12323    0.131877615    0.049518224   -0.990028404 4421186.59173   -0.074940005   -0.995395223   -0.059769106      0.29180
1506117903.140804   -0.989694450    0.082052106   -0.117355647 482959.11770    0.121717082    0.050327333   -0.991288107 4421186.43349   -0.075431080   -0.995356525   -0.059795825      0.29236
1506117903.190781   -0.990892202    0.082017606   -0.106797731 482959.11680    0.111185620    0.050926397   -0.992493960 4421186.26455   -0.075963155   -0.995328898   -0.059581748      0.30050
1506117903.240785   -0.991931898    0.082255436   -0.096463220 482959.11319    0.100919213    0.051846432   -0.993542782 4421186.10558   -0.076723021   -0.995261770   -0.059729284      0.30045
1506117903.290779   -0.992800022    0.083126131   -0.086244784 482959.12172    0.090805900    0.052741037   -0.994471051 4421185.96709   -0.078117891   -0.995142417   -0.059909646      0.30325
1506117903.340733   -0.993674451    0.082881436   -0.075774360 482959.09497    0.080355498    0.053406048   -0.995334511 4421185.82631   -0.078447945   -0.995127359   -0.059728205      0.30616
1506117903.390742   -0.994521747    0.082830451   -0.063762140 482959.10547    0.068377442    0.054130450   -0.996189952 4421185.68515   -0.079063389   -0.995092463   -0.059497644      0.30474
1506117903.440815   -0.995169771    0.083079828   -0.052295973 482959.10514    0.056999917    0.055293580   -0.996841828 4421185.51751   -0.079925816   -0.995007720   -0.059762042      0.30825
1506117903.490805   -0.995897862    0.081315245   -0.039689787 482959.12287    0.044352871    0.056365325   -0.997424570 4421185.37797   -0.078868696   -0.995093353   -0.059740672      0.30331
1506117903.540730   -0.996396201    0.080390528   -0.027055018 482959.14355    0.031663128    0.056610863   -0.997894111 4421185.24241   -0.078689626   -0.995154547   -0.058952264      0.31146
1506117903.590739   -0.996733573    0.079569973   -0.013813150 482959.14578    0.018448972    0.057823655   -0.998156331 4421185.05882   -0.078624546   -0.995150765   -0.059102763      0.31523
1506117903.640715   -0.996852119    0.079270929   -0.001404376 482959.16770    0.006064833    0.058581416   -0.998264211 4421184.91078   -0.079051061   -0.995130312   -0.058877773      0.31468
1506117903.690683   -0.996859098    0.078323615    0.011719680 482959.18487   -0.007029688    0.059889288   -0.998180273 4421184.76695   -0.078882971   -0.995127471   -0.059150591      0.31884
1506117903.740635   -0.996703659    0.077013614    0.025509190 482959.20434   -0.020815747    0.061142369   -0.997911978 4421184.62879   -0.078412500   -0.995153513   -0.059337727      0.31857
1506117903.790629   -0.996281523    0.076395790    0.039834788 482959.23397   -0.035116410    0.062141561   -0.997449379 4421184.48723   -0.078676329   -0.995139241   -0.059227743      0.32275
1506117903.840631   -0.995716209    0.075749529    0.053021132 482959.24386   -0.048219340    0.063872177   -0.996792476 4421184.35427   -0.078893135   -0.995079069   -0.059945970      0.32705
1506117903.890636   -0.994870836    0.074659335    0.068249568 482959.27792   -0.063393162    0.065591485   -0.995830841 4421184.21075   -0.078824659   -0.995049617   -0.060522164      0.32725
1506117903.940553   -0.993896288    0.072698072    0.082976859 482959.31491   -0.078163101    0.066734102   -0.994704524 4421184.05579   -0.077850487   -0.995118862   -0.060644470      0.33013
1506117903.990579   -0.992635160    0.071889684    0.097505452 482959.34053   -0.092693267    0.067489382   -0.993404823 4421183.92150   -0.077996141   -0.995126654   -0.060328644      0.33450
1506117904.040507   -0.990969562    0.070329492    0.114162557 482959.37329   -0.109410955    0.068076923   -0.991662632 4421183.76666   -0.077514965   -0.995198118   -0.059767342      0.33140
1506117904.090575   -0.989307707    0.068777994    0.128607345 482959.40560   -0.123880916    0.069074189   -0.989890032 4421183.61430   -0.076966099   -0.995237833   -0.059815347      0.33310
1506117904.140469   -0.987234921    0.066626141    0.144665711 482959.45560   -0.139971872    0.070444571   -0.987646413 4421183.48900   -0.075993983   -0.995288159   -0.060219555      0.33461
1506117904.190431   -0.984566906    0.064677297    0.162618739 482959.49537   -0.157903696    0.072361085   -0.984799622 4421183.34796   -0.075461446   -0.995279217   -0.061031546      0.33510
1506117904.240378   -0.981931315    0.063432592    0.178289651 482959.53100   -0.173486614    0.074569185   -0.982009079 4421183.21229   -0.075586296   -0.995196334   -0.062217113      0.33958
1506117904.290362   -0.978835716    0.062150993    0.194981784 482959.58418   -0.190124426    0.076346993   -0.978786922 4421183.08441   -0.075718852   -0.995142397   -0.062914741      0.34212
1506117904.340347   -0.975587754    0.060979140    0.210974119 482959.64156   -0.206030015    0.078438768   -0.975396838 4421182.94102   -0.076027410   -0.995052212   -0.063960368      0.34422
1506117904.390301   -0.971925295    0.059494627    0.227643605 482959.69859   -0.222686485    0.079805889   -0.971618109 4421182.80519   -0.075973357   -0.995033371   -0.064316713      0.34695
1506117904.440248   -0.967803226    0.057962981    0.244943276 482959.74552   -0.240000138    0.080836844   -0.967401333 4421182.66562   -0.075873906   -0.995040551   -0.064323035      0.34834
1506117904.490181   -0.963541889    0.056028372    0.261625399 482959.79635   -0.256740648    0.081608616   -0.963028698 4421182.53537   -0.075307817   -0.995088366   -0.064248560      0.35013
1506117904.540132   -0.958724787    0.053935926    0.279173242 482959.88217   -0.274401221    0.081761343   -0.958133108 4421182.40595   -0.074503376   -0.995191438   -0.063586542      0.34943
1506117904.590160   -0.953744820    0.052170966    0.296055753 482959.92826   -0.291374973    0.081894076   -0.953097049 4421182.28511   -0.073969207   -0.995274611   -0.062904737      0.35022
1506117904.640087   -0.947911897    0.049554811    0.314654343 482959.99871   -0.310045333    0.082972020   -0.947094259 4421182.15820   -0.073040583   -0.995319027   -0.063285927      0.35415
1506117904.690111   -0.941378087    0.047133093    0.334044562 482960.07785   -0.329482978    0.084183086   -0.940401072 4421182.02329   -0.072444913   -0.995334958   -0.063718561      0.35530
1506117904.740053   -0.935597638    0.045169231    0.350166818 482960.15526   -0.345615860    0.085526135   -0.934470416 4421181.89998   -0.072157725   -0.995311519   -0.064406847      0.35573
1506117904.790078   -0.928872628    0.042876731    0.367909264 482960.22662   -0.363343514    0.087473787   -0.927539664 4421181.77030   -0.071952286   -0.995243650   -0.065673025      0.36143
1506117904.840093   -0.921841493    0.041083774    0.385383427 482960.28773   -0.380791978    0.089103460   -0.920357563 4421181.65174   -0.072150759   -0.995174707   -0.066494895      0.35962
1506117904.890085   -0.914662393    0.039320080    0.402301676 482960.37517   -0.397741812    0.089902806   -0.913082108 4421181.51140   -0.072070512   -0.995174063   -0.066591476      0.36514
1506117904.940037   -0.906522827    0.037675675    0.420472243 482960.45669   -0.415919639    0.090870839   -0.904849902 4421181.38617   -0.072299497   -0.995149755   -0.066706437      0.36357
1506117904.990031   -0.898676713    0.037015626    0.437046919 482960.53767   -0.432468467    0.091405916   -0.897003893 4421181.24932   -0.073151835   -0.995125521   -0.066136277      0.36677
1506117905.040036   -0.890354331    0.035621963    0.453872495 482960.62087   -0.449338205    0.091625289   -0.888650654 4421181.14346   -0.073241679   -0.995156210   -0.065572664      0.36716
1506117905.090007   -0.881686050    0.034035203    0.470607389 482960.72124   -0.466108758    0.092110708   -0.879919453 4421181.02736   -0.073296217   -0.995166932   -0.065348620      0.36738
1506117905.139999   -0.872389396    0.032248337    0.487746642 482960.81206   -0.483315071    0.092309111   -0.870566235 4421180.90749   -0.073097772   -0.995208055   -0.064943383      0.36857
1506117905.190045   -0.863508269    0.029973009    0.503443232 482960.90675   -0.499055088    0.093279731   -0.861535206 4421180.78079   -0.072783852   -0.995188681   -0.065589637      0.37018
1506117905.240008   -0.854084007    0.027356603    0.519415177 482961.00796   -0.515073433    0.094493305   -0.851921577 4421180.67046   -0.072386937   -0.995149552   -0.066614561      0.37098
1506117905.289971   -0.844608475    0.023899564    0.534850759 482961.12678   -0.530662537    0.095017279   -0.842240458 4421180.55380   -0.070949243   -0.995188689   -0.067569796      0.37445
1506117905.339992   -0.835209325    0.020166080    0.549562292 482961.24270   -0.545569221    0.095246184   -0.832635808 4421180.43301   -0.069134711   -0.995249463   -0.068548509      0.36990
1506117905.389973   -0.825260975    0.015939764    0.564526569 482961.34680   -0.560807724    0.094797121   -0.822501187 4421180.34020   -0.066625968   -0.995368992   -0.069293222      0.37473
1506117905.440013   -0.815227843    0.012323404    0.579009238 482961.45079   -0.575513598    0.094474555   -0.812316845 4421180.20065   -0.064712149   -0.995450999   -0.069926001      0.37124
1506117905.489991   -0.805596325    0.009120725    0.592394609 482961.54558   -0.589086804    0.094290000   -0.802549770 4421180.10313   -0.063176724   -0.995502993   -0.070586778      0.37496
1506117905.540024   -0.794986695    0.005545570    0.606601517 482961.67211   -0.603538664    0.093540474   -0.791827797 4421179.99332   -0.061132930   -0.995600033   -0.071016467      0.37395
1506117905.590001   -0.785474687    0.003038155    0.618886326 482961.76292   -0.615908633    0.094260780   -0.782158207 4421179.88299   -0.060713026   -0.995542905   -0.072168231      0.37214
1506117905.640016   -0.775248101    0.000519151    0.631656641 482961.88051   -0.628758998    0.095044175   -0.771769867 4421179.76890   -0.060435950   -0.995472920   -0.073356396      0.37820
1506117905.690018   -0.764619826   -0.000550609    0.644481356 482962.01862   -0.641426309    0.097906936   -0.760911638 4421179.64973   -0.062680230   -0.995195422   -0.075214759      0.37725
1506117905.740098   -0.755319541   -0.001702951    0.655354478 482962.14111   -0.652102602    0.101481931   -0.751307935 4421179.52161   -0.065227197   -0.994835925   -0.077761784      0.37559
1506117905.790094   -0.744136715   -0.003220888    0.668019592 482962.27442   -0.664505149    0.106121631   -0.739710150 4421179.41027   -0.068508805   -0.994347940   -0.081109299      0.36512
1506117905.840096   -0.733543486   -0.006757382    0.679608926 482962.38526   -0.676119460    0.108938802   -0.728693909 4421179.30319   -0.069111719   -0.994025490   -0.084480146      0.36811
1506117905.890167   -0.723614609   -0.008015652    0.690157697 482962.50739   -0.686535696    0.111318425   -0.718524145 4421179.16947   -0.071067829   -0.993752463   -0.086054670      0.36136
1506117905.940170   -0.713642058   -0.009636180    0.700444257 482962.64734   -0.696744607    0.113306438   -0.708313916 4421179.07191   -0.072539403   -0.993513359   -0.087574196      0.36684
1506117905.990233   -0.703370068   -0.011535696    0.710730241 482962.77370   -0.707107378    0.113466378   -0.697943076 4421178.97397   -0.072592727   -0.993474866   -0.087965830      0.35045
1506117906.040267   -0.692581670   -0.016552249    0.721149536 482962.90145   -0.717976294    0.112245271   -0.686957815 4421178.87585   -0.069574929   -0.993542662   -0.089623140      0.35757
1506117906.090302   -0.682650101   -0.020733705    0.730451198 482963.05663   -0.727663339    0.110997933   -0.676894027 4421178.77593   -0.067044052   -0.993604334   -0.090859907      0.35286
1506117906.140313   -0.671729844   -0.023019609    0.740438460 482963.19457   -0.737725618    0.111697812   -0.665796148 4421178.65950   -0.067378989   -0.993475564   -0.092012909      0.35278
1506117906.190370   -0.661252411   -0.031213295    0.749513828 482963.34957   -0.747727572    0.107876777   -0.655184004 4421178.54770   -0.060404684   -0.993674157   -0.094672820      0.34815
1506117906.240376   -0.651724662   -0.032478852    0.757759915 482963.48416   -0.756134574    0.105925124   -0.645786632 4421178.47729   -0.059291404   -0.993843545   -0.093592398      0.35083
1506117906.290440   -0.640494810   -0.035804304    0.767127401 482963.64017   -0.765785972    0.104929845   -0.634477402 4421178.37320   -0.057777538   -0.993834885   -0.094625455      0.35481
1506117906.340522   -0.630399868   -0.035788580    0.775445152 482963.78720   -0.773947347    0.106203139   -0.624280704 4421178.27646   -0.060012589   -0.993700192   -0.094648922      0.34717
1506117906.390513   -0.619657741   -0.036126628    0.784040274 482963.94114   -0.782379187    0.107986409   -0.613369174 4421178.18116   -0.062506734   -0.993495748   -0.095179336      0.35738
1506117906.440611   -0.609558237   -0.038186970    0.791821009 482964.07347   -0.790341986    0.106927109   -0.603262909 4421178.09916   -0.061630349   -0.993533265   -0.095359066      0.33551
1506117906.490588   -0.599374824   -0.035912530    0.799662498 482964.22675   -0.797687622    0.109996308   -0.592954694 4421178.00215   -0.066665419   -0.993282992   -0.094575998      0.34248
1506117906.540642   -0.588929711   -0.037232944    0.807326144 482964.39163   -0.805360208    0.110473394   -0.582400691 4421177.89552   -0.067503566   -0.993181422   -0.095046996      0.34631
1506117906.590680   -0.578761570   -0.035862821    0.814707864 482964.55489   -0.812531633    0.110475922   -0.572352528 4421177.81450   -0.069479426   -0.993231558   -0.093078895      0.31344
1506117906.640723   -0.568581159   -0.039685938    0.821669332 482964.70489   -0.819849161    0.109355078   -0.562039874 4421177.71078   -0.067548634   -0.993210196   -0.094713720      0.32800
1506117906.690719   -0.558297805   -0.042575873    0.828547437 482964.85861   -0.826946838    0.108970882   -0.551619682 4421177.62508   -0.066801856   -0.993132741   -0.096046188      0.31392
1506117906.740783   -0.548827115   -0.044334670    0.834759388 482965.03187   -0.833293967    0.108344736   -0.542109382 4421177.53723   -0.066407545   -0.993124290   -0.096406342      0.32102
1506117906.790879   -0.539609018   -0.048597163    0.840512001 482965.20189   -0.839556835    0.105740477   -0.532882044 4421177.44013   -0.062979584   -0.993205551   -0.097858595      0.30908
1506117906.840883   -0.530550403   -0.049547456    0.846204065 482965.37088   -0.845398259    0.103700693   -0.523973235 4421177.37158   -0.061790407   -0.993373654   -0.096905777      0.31001
1506117906.890916   -0.521411795   -0.050808949    0.851791166 482965.53696   -0.851225477    0.100622232   -0.515063447 4421177.27392   -0.059539296   -0.993626498   -0.095715490      0.30129
1506117906.941009   -0.513643045   -0.052190797    0.856415170 482965.69052   -0.856115285    0.097367365   -0.507529521 4421177.20119   -0.056898519   -0.993879126   -0.094693409      0.30323
1506117906.991064   -0.505294951   -0.052600041    0.861342120 482965.88790   -0.861224228    0.093772182   -0.499499356 4421177.09899   -0.054496244   -0.994203205   -0.092683040      0.29979
1506117907.041162   -0.497899789   -0.051749197    0.865689217 482966.04650   -0.865495243    0.092840344   -0.492238413 4421177.01839   -0.054897942   -0.994335301   -0.091013871      0.29137
1506117907.091165   -0.489755532   -0.051095819    0.870361268 482966.24000   -0.870024470    0.093382094   -0.484083883 4421176.92027   -0.056541495   -0.994318360   -0.090189009      0.30148
1506117907.141224   -0.481919448   -0.052810137    0.874622624 482966.42571   -0.874559596    0.090329475   -0.476430582 4421176.85008   -0.053843838   -0.994510772   -0.089717143      0.28925
1506117907.191311   -0.474558396   -0.052093024    0.878681197 482966.60013   -0.878442849    0.091501384   -0.469004967 4421176.77758   -0.055968659   -0.994441458   -0.089183494      0.28068
1506117907.241379   -0.466636633   -0.054730481    0.882754115 482966.80137   -0.882727870    0.091057813   -0.460977203 4421176.67075   -0.055152155   -0.994340510   -0.090803032      0.29063
1506117907.291456   -0.460377792   -0.054473405    0.886050189 482966.97285   -0.885966660    0.090950661   -0.454742844 4421176.58659   -0.055815459   -0.994364433   -0.090133286      0.27102
1506117907.341492   -0.452483349   -0.055581676    0.890039042 482967.18370   -0.890044494    0.090255558   -0.446849789 4421176.49795   -0.055494310   -0.994366437   -0.090309302      0.27805
1506117907.391608   -0.445953606   -0.056644527    0.893261876 482967.35432   -0.893347440    0.089804961   -0.440301510 4421176.43626   -0.055278677   -0.994347256   -0.090652090      0.26689
1506117907.441671   -0.439894949   -0.056804125    0.896250928 482967.55228   -0.896439480    0.087502990   -0.434441579 4421176.33842   -0.053746562   -0.994543372   -0.089413583      0.26874
1506117907.491757   -0.433569234   -0.057267241    0.899298717 482967.73671   -0.899548697    0.086420108   -0.428186532 4421176.27322   -0.053196431   -0.994611496   -0.088983772      0.26330
1506117907.541917   -0.427306220   -0.058278008    0.902226728 482967.94066   -0.902521567    0.086567151   -0.421854181 4421176.17345   -0.053518376   -0.994539995   -0.089587842      0.25895
1506117907.591939   -0.422025545   -0.059462262    0.904631792 482968.13222   -0.905012190    0.086364859   -0.416526167 4421176.09530   -0.053360809   -0.994487481   -0.090262248      0.25836
1506117907.642036   -0.414971255   -0.061476929    0.907755168 482968.34758   -0.908396241    0.084072727   -0.409570563 4421176.01025   -0.051138312   -0.994561393   -0.090733177      0.25858
1506117907.692162   -0.409785285   -0.061760744    0.910088804 482968.53066   -0.910752112    0.083543408   -0.404414502 4421175.94786   -0.051054980   -0.994588412   -0.090483587      0.24576
1506117907.742229   -0.404333430   -0.063116167    0.912431272 482968.72975   -0.913238985    0.082496789   -0.398984757 4421175.86851   -0.050090261   -0.994590684   -0.090996354      0.26071
1506117907.792337   -0.397895378   -0.063682954    0.915217870 482968.91342   -0.916036987    0.082546545   -0.392507715 4421175.80093   -0.050552023   -0.994550426   -0.091180830      0.22503
1506117907.842439   -0.393060451   -0.067183327    0.917055005 482969.12802   -0.918288879    0.080117446   -0.387719910 4421175.70046   -0.047423791   -0.994518776   -0.093184701      0.26117
1506117907.892490   -0.387232155   -0.065430674    0.919657591 482969.31366   -0.920763493    0.078715476   -0.382097454 4421175.64242   -0.047390391   -0.994747556   -0.090727340      0.23405
1506117907.942633   -0.380923535   -0.064459602    0.922356883 482969.54073   -0.923404962    0.077362851   -0.375949819 4421175.55628   -0.047122583   -0.994917056   -0.088991647      0.22524
1506117907.992806   -0.375905278   -0.065099954    0.924368551 482969.74111   -0.925528527    0.075614511   -0.371051738 4421175.47775   -0.045740225   -0.995009770   -0.088675758      0.23296
1506117908.042843   -0.370715829   -0.062985998    0.926608082 482969.95761   -0.927678759    0.072935997   -0.366186374 4421175.40927   -0.044518470   -0.995345721   -0.085469301      0.23384
1506117908.092913   -0.364654845   -0.062427352    0.929047722 482970.16680   -0.930090103    0.071849848   -0.360236034 4421175.33360   -0.044263356   -0.995459906   -0.084263458      0.22845
1506117908.143067   -0.360169870   -0.059446243    0.930990768 482970.37969   -0.931651189    0.074266242   -0.355683268 4421175.25885   -0.047997152   -0.995465052   -0.082131625      0.23554
1506117908.193142   -0.353894788   -0.056672515    0.933566658 482970.58882   -0.933933936    0.075049759   -0.349478091 4421175.17169   -0.050258151   -0.995568059   -0.079488103      0.23993
1506117908.243254   -0.348134138   -0.056228134    0.935756923 482970.78785   -0.936117153    0.073956611   -0.343824222 4421175.12536   -0.049872816   -0.995675056   -0.078382942      0.22503
1506117908.293332   -0.342416689   -0.054140707    0.937986991 482971.02006   -0.938112211    0.074876290   -0.338140534 4421175.03973   -0.051925819   -0.995722012   -0.076428949      0.23623
1506117908.343441   -0.337626949   -0.054744944    0.939686668 482971.21110   -0.939871632    0.074197379   -0.333370761 4421174.97415   -0.051471925   -0.995739795   -0.076504254      0.22270
1506117908.393567   -0.334399811   -0.051423034    0.941027331 482971.44715   -0.940757577    0.077696793   -0.330058161 4421174.89320   -0.056142214   -0.995649979   -0.074358402      0.23297
1506117908.443677   -0.328780893   -0.054153055    0.942852359 482971.65881   -0.943177524    0.069738024   -0.324888853 4421174.83290   -0.048158937   -0.996094400   -0.074004474      0.22089
1506117908.493763   -0.325257308   -0.051034106    0.944247427 482971.87191   -0.944338059    0.069618842   -0.321525811 4421174.77734   -0.049328630   -0.996267402   -0.070837486      0.19169
1506117908.543884   -0.320556765   -0.055056309    0.945627920 482972.12383   -0.946168703    0.065839921   -0.316906755 4421174.68956   -0.044812351   -0.996310146   -0.073197988      0.23491
1506117908.594000   -0.318599036   -0.054151823    0.946341500 482972.32871   -0.946789700    0.066260978   -0.314958324 4421174.64412   -0.045649946   -0.996331804   -0.072381072      0.19745
1506117908.644046   -0.313504204   -0.057792928    0.947826509 482972.55160   -0.948759805    0.060712337   -0.310111018 4421174.57202   -0.039622539   -0.996480802   -0.073865180      0.21641
1506117908.694161   -0.309896432   -0.062614431    0.948706295 482972.76933   -0.949924165    0.062478871   -0.306170658 4421174.50680   -0.040103397   -0.996080230   -0.078840940      0.22300
1506117908.744225   -0.308009319   -0.063204975    0.949281513 482973.01908   -0.950303350    0.067968829   -0.303815375 4421174.42835   -0.045318910   -0.995683368   -0.080998933      0.20911
1506117908.794389   -0.306270622   -0.065074452    0.949717654 482973.23541   -0.950859232    0.068537543   -0.301942588 4421174.35281   -0.045442566   -0.995523943   -0.082867679      0.22255
1506117908.844402   -0.303277229   -0.066381280    0.950587423 482973.45610   -0.951723090    0.070715250   -0.298701378 4421174.28973   -0.047392847   -0.995285326   -0.084622922      0.20743
1506117908.894557   -0.299647516   -0.063444340    0.951938119 482973.69664   -0.952794645    0.071069007   -0.295180556 4421174.21014   -0.048925762   -0.995451662   -0.081745079      0.23490
1506117908.944623   -0.297255552   -0.061623562    0.952807259 482973.90957   -0.953547482    0.070216168   -0.292945199 4421174.14694   -0.048850148   -0.995626550   -0.079633138      0.21012
1506117908.994778   -0.294373186   -0.057907991    0.953934532 482974.14745   -0.954268530    0.072241691   -0.290090868 4421174.10063   -0.052115264   -0.995704676   -0.076525790      0.22117
1506117909.044795   -0.292562108   -0.057245311    0.954531502 482974.37208   -0.955026360    0.067902238   -0.288641537 4421174.02907   -0.048291451   -0.996048322   -0.074536402      0.22317
1506117909.094891   -0.290131307   -0.054850343    0.955413661 482974.60586   -0.955780741    0.066715680   -0.286412628 4421173.98028   -0.048031242   -0.996263247   -0.071781209      0.21097
1506117909.144955   -0.286234237   -0.054972377    0.956581413 482974.82865   -0.957019711    0.065087664   -0.282624960 4421173.90696   -0.046725084   -0.996364207   -0.071239966      0.22835
1506117909.195117   -0.284174948   -0.055428159    0.957168908 482975.05986   -0.957635858    0.065005371   -0.280549222 4421173.83880   -0.046670793   -0.996344329   -0.071552890      0.20772
1506117909.245168   -0.282302190   -0.054593672    0.957770852 482975.28413   -0.958178791    0.064847312   -0.278726084 4421173.78127   -0.046892185   -0.996400701   -0.070617037      0.22592
1506117909.295265   -0.279642780   -0.054140288    0.958576416 482975.52333   -0.958993169    0.063766765   -0.276162818 4421173.71064   -0.046173783   -0.996495173   -0.069752082      0.22165
1506117909.345490   -0.278804538   -0.052765112    0.958897217 482975.75397   -0.959108375    0.066012597   -0.275233467 4421173.64652   -0.048776571   -0.996422691   -0.069012073      0.20361
1506117909.395479   -0.276178961   -0.053973649    0.959589509 482976.00620   -0.959760362    0.068307142   -0.272386090 4421173.58287   -0.050845146   -0.996203282   -0.070666764      0.22062
1506117909.445513   -0.274963398   -0.056072954    0.959818188 482976.24445   -0.960056791    0.069826333   -0.270952470 4421173.50513   -0.051827479   -0.995981981   -0.073032906      0.21655
1506117909.495550   -0.273231434   -0.056673559    0.960277403 482976.48676   -0.960491603    0.070990333   -0.269102681 4421173.44459   -0.052919406   -0.995865694   -0.073831268      0.20798
1506117909.545676   -0.270984191   -0.060314038    0.960692347 482976.73169   -0.961130080    0.071783723   -0.266600949 4421173.37844   -0.052882293   -0.995594955   -0.077421890      0.21100
1506117909.595732   -0.269419050   -0.062205623    0.961011881 482976.95802   -0.961458209    0.074239724   -0.264738692 4421173.31693   -0.054877021   -0.995298409   -0.079809703      0.21179
1506117909.645813   -0.268199548   -0.063377053    0.961276418 482977.19955   -0.961857257    0.073391392   -0.263522902 4421173.24851   -0.053848109   -0.995287422   -0.080643217      0.22289
1506117909.695853   -0.266155325   -0.063860768    0.961812427 482977.44264   -0.962527929    0.071407951   -0.261612098 4421173.18423   -0.051974306   -0.995400777   -0.080473379      0.20194
1506117909.745931   -0.266251410   -0.062923643    0.961847598 482977.68279   -0.962362871    0.073751028   -0.261569285 4421173.11470   -0.054478357   -0.995289607   -0.080191693      0.21413
1506117909.795927   -0.265032969   -0.063350606    0.962156030 482977.90547   -0.962822837    0.071454324   -0.260511926 4421173.05740   -0.052246621   -0.995430048   -0.079933162      0.21989
1506117909.845960   -0.264132730   -0.061331152    0.962534358 482978.15536   -0.962952564    0.073028793   -0.259594213 4421172.98526   -0.054371510   -0.995442256   -0.078348285      0.20345
1506117909.896034   -0.262435656   -0.060732119    0.963036415 482978.43104   -0.963398873    0.073046729   -0.257927871 4421172.91042   -0.054682154   -0.995477667   -0.077679321      0.21856
1506117909.946087   -0.261772089   -0.059892597    0.963269563 482978.63533   -0.963505610    0.074094737   -0.257229295 4421172.84980   -0.055967075   -0.995451077   -0.077102787      0.20432
1506117909.996072   -0.260363642   -0.059271814    0.963689590 482978.89907   -0.963761995    0.075998484   -0.255708910 4421172.77134   -0.058082617   -0.995344705   -0.076911164      0.21379
1506117910.046197   -0.259316619   -0.059663774    0.963947678 482979.11709   -0.964044393    0.076013215   -0.254637780 4421172.71535   -0.058080112   -0.995320162   -0.077230016      0.20201
1506117910.096240   -0.258987705   -0.059034519    0.964074839 482979.37479   -0.964057396    0.077098700   -0.254261928 4421172.65034   -0.059318686   -0.995274191   -0.076880280      0.20123
1506117910.146266   -0.258889278   -0.059785206    0.964055014 482979.63032   -0.964084850    0.077271399   -0.254105358 4421172.58367   -0.059302139   -0.995215987   -0.077642748      0.20215
1506117910.196294   -0.259833831   -0.058744692    0.963864846 482979.87670   -0.963774700    0.078007504   -0.255055205 4421172.51897   -0.060205551   -0.995220524   -0.076885636      0.20010
1506117910.246350   -0.258328749   -0.060315684    0.964172327 482980.10697   -0.964259223    0.076959757   -0.253537663 4421172.46130   -0.058910170   -0.995208126   -0.078040872      0.19291
1506117910.296326   -0.258645022   -0.061340008    0.964022902 482980.36238   -0.964108622    0.078357586   -0.253682190 4421172.38906   -0.059977640   -0.995036428   -0.079405230      0.19662
1506117910.346394   -0.259022615   -0.064065447    0.963744210 482980.62217   -0.964226242    0.075361528   -0.254142469 4421172.32052   -0.056347485   -0.995096105   -0.081293925      0.19549
1506117910.396450   -0.259961706   -0.063736486    0.963513140 482980.87707   -0.963853932    0.077430385   -0.254931626 4421172.26056   -0.058356747   -0.994958389   -0.081561597      0.19169
1506117910.446502   -0.259415257   -0.066407648    0.963480020 482981.12377   -0.964143322    0.075613029   -0.254382239 4421172.18198   -0.055958717   -0.994923461   -0.083641664      0.20162
1506117910.496563   -0.258769275   -0.064225486    0.963801613 482981.37557   -0.964310262    0.075098382   -0.253901461 4421172.11289   -0.056072997   -0.995105683   -0.081366449      0.18486
1506117910.546534   -0.260640579   -0.063270529    0.963360435 482981.61707   -0.963782780    0.075421477   -0.255801397 4421172.02728   -0.056473377   -0.995142422   -0.080636944      0.20336
1506117910.596589   -0.260560427   -0.061837287    0.963475176 482981.86466   -0.963798217    0.075143818   -0.255824946 4421171.96837   -0.056579682   -0.995253514   -0.079178172      0.19042
1506117910.646628   -0.262914811   -0.058898012    0.963019640 482982.10468   -0.963128057    0.075091006   -0.258351865 4421171.90586   -0.057097703   -0.995435766   -0.076468865      0.19926
1506117910.696612   -0.262292327   -0.059156845    0.963173506 482982.34046   -0.963388327    0.073508606   -0.257836026 4421171.84896   -0.055548776   -0.995538524   -0.076271757      0.19113
1506117910.746681   -0.261824639   -0.057962525    0.963373346 482982.60371   -0.963414144    0.074940537   -0.257326839 4421171.77904   -0.057280403   -0.995502015   -0.075463195      0.19529
1506117910.796694   -0.263262364   -0.058417777    0.962953940 482982.85606   -0.963148283    0.072947074   -0.258890148 4421171.71270   -0.055120886   -0.995623467   -0.075469201      0.19728
1506117910.846728   -0.263479294   -0.057486453    0.962950658 482983.09753   -0.963077909    0.072913336   -0.259161315 4421171.62064   -0.055313680   -0.995680146   -0.074575087      0.18319
1506117910.896746   -0.265084374   -0.057813352    0.962490463 482983.35722   -0.962737010    0.071307569   -0.260869087 4421171.54756   -0.053551138   -0.995777509   -0.074561576      0.19098
1506117910.946774   -0.265085797   -0.058039887    0.962476437 482983.60703   -0.962717523    0.071723012   -0.260827109 4421171.50648   -0.053893333   -0.995734493   -0.074888768      0.17982
1506117910.996775   -0.264833261   -0.059711023    0.962443732 482983.81955   -0.962893656    0.070148875   -0.260604955 4421171.43695   -0.051953357   -0.995747824   -0.076073120      0.18752
1506117911.046813   -0.267289469   -0.062346119    0.961597266 482984.09371   -0.962233935    0.070701269   -0.262882453 4421171.35061   -0.051596446   -0.995547232   -0.078889256      0.17658
1506117911.096791   -0.267082130   -0.065780611    0.961426049 482984.34654   -0.962171562    0.073886834   -0.262233906 4421171.27531   -0.053786821   -0.995094793   -0.083026086      0.18064
1506117911.146786   -0.266620945   -0.069939608    0.961260487 482984.59818   -0.962300530    0.074957599   -0.261455635 4421171.21444   -0.053767673   -0.994731024   -0.087288188      0.18148
1506117911.196831   -0.267456772   -0.071736770    0.960895786 482984.83387   -0.962025879    0.076310414   -0.262074283 4421171.15144   -0.054525993   -0.994500154   -0.089422366      0.17748
1506117911.246885   -0.269081651   -0.073341405    0.960320834 482985.07055   -0.961688726    0.074749335   -0.263756195 4421171.07477   -0.052439094   -0.994501672   -0.090645277      0.18228
1506117911.296838   -0.269584978   -0.072750908    0.960224581 482985.30840   -0.961607113    0.073498171   -0.264404576 4421170.99412   -0.051339078   -0.994638288   -0.089771794      0.17603
1506117911.346817   -0.270251912   -0.070640559    0.960194676 482985.54327   -0.961421441    0.072949821   -0.265230346 4421170.92598   -0.051310010   -0.994830757   -0.087630177      0.17931
1506117911.396842   -0.271397939   -0.067877883    0.960070702 482985.77284   -0.961199630    0.070293480   -0.266747256 4421170.88062   -0.049380472   -0.995214258   -0.084321702      0.18018
1506117911.446832   -0.270095751   -0.065440149    0.960607033 482986.01916   -0.961656705    0.067646142   -0.265782581 4421170.81404   -0.047588508   -0.995560941   -0.081201894      0.17176
1506117911.496814   -0.272686477   -0.062563137    0.960066633 482986.28995   -0.960917852    0.067224195   -0.268547556 4421170.72524   -0.047738529   -0.995774453   -0.078449164      0.18311
1506117911.546811   -0.273996510   -0.060882423    0.959801669 482986.51324   -0.960679817    0.063967849   -0.270189569 4421170.67266   -0.044946653   -0.996093090   -0.076015483      0.18659
1506117911.596814   -0.276020658   -0.055296908    0.959559716 482986.71572   -0.959986604    0.065002306   -0.272397541 4421170.60314   -0.047310853   -0.996351821   -0.071026270      0.17930
1506117911.646912   -0.275333111   -0.053952219    0.959833755 482986.98951   -0.960289857    0.062286560   -0.271962821 4421170.52911   -0.045111745   -0.996598988   -0.068959321      0.18703
1506117911.696849   -0.274710526   -0.051226711    0.960161419 482987.21475   -0.960484225    0.061112945   -0.271542374 4421170.45760   -0.044768070   -0.996815445   -0.065990817      0.17603
1506117911.746858   -0.275538572   -0.049326096    0.960023662 482987.46596   -0.960276006    0.059982346   -0.272529100 4421170.39640   -0.044141675   -0.996979967   -0.063894117      0.18471
1506117911.796803   -0.276218674   -0.049315241    0.959828761 482987.66685   -0.960078733    0.060068402   -0.273204344 4421170.32058   -0.044182242   -0.996975323   -0.063938529      0.19293
1506117911.846854   -0.275232619   -0.048826226    0.960136972 482987.91038   -0.960384907    0.059338923   -0.272286106 4421170.26019   -0.043678791   -0.997043074   -0.063223978      0.19364
1506117911.896811   -0.276959786   -0.047491431    0.959707164 482988.16569   -0.959869615    0.059499283   -0.274062325 4421170.17958   -0.044086276   -0.997097989   -0.062064490      0.19547
1506117911.946816   -0.277258305   -0.046552668    0.959666964 482988.40995   -0.959755004    0.059889407   -0.274378554 4421170.11647   -0.044700832   -0.997118904   -0.061283992      0.20166
1506117911.996737   -0.279223778   -0.044959853    0.959172922 482988.62502   -0.959159630    0.060124197   -0.276401673 4421170.04011   -0.045242523   -0.997177864   -0.059911781      0.21755
1506117912.046801   -0.279653691   -0.043301119    0.959123989 482988.85631   -0.959095352    0.058309257   -0.277012881 4421169.96038   -0.043930839   -0.997359034   -0.057836301      0.20944
1506117912.096787   -0.280210888   -0.042509284    0.958996777 482989.07135   -0.958976533    0.057108901   -0.277673516 4421169.89894   -0.042963549   -0.997462548   -0.056767942      0.20875
1506117912.146766   -0.280924482   -0.041659518    0.958825281 482989.29945   -0.958759343    0.057100515   -0.278424232 4421169.83160   -0.043150398   -0.997498880   -0.055982385      0.22402
1506117912.196768   -0.281273114   -0.041083827    0.958747910 482989.54084   -0.958722765    0.055410173   -0.278891326 4421169.76809   -0.041666465   -0.997618079   -0.054973392      0.22395
1506117912.246730   -0.282182490   -0.040705418    0.958496798 482989.75816   -0.958482216    0.054709577   -0.279854792 4421169.68933   -0.041047348   -0.997672256   -0.054453504      0.22996
1506117912.296747   -0.285675746   -0.043489559    0.957339034 482990.00260   -0.957579874    0.052375310   -0.283368333 4421169.61287   -0.037817365   -0.997680051   -0.056607082      0.22317
1506117912.346784   -0.286400614   -0.043540169    0.957120129 482990.21069   -0.957308929    0.053844778   -0.284007667 4421169.56297   -0.039170179   -0.997599616   -0.057102570      0.23415
1506117912.396763   -0.287520948   -0.047470054    0.956597250 482990.43221   -0.956988859    0.054680507   -0.284925194 4421169.47309   -0.038781809   -0.997374872   -0.061150104      0.23724
1506117912.446744   -0.287325119   -0.049016085    0.956578120 482990.67029   -0.957082999    0.054208670   -0.284699058 4421169.41990   -0.037899994   -0.997325846   -0.062487974      0.23103
1506117912.496708   -0.287343040   -0.050974636    0.956470367 482990.87297   -0.956948902    0.058045175   -0.284393312 4421169.33188   -0.041021645   -0.997011707   -0.065458999      0.26006
1506117912.546687   -0.288232892   -0.051644491    0.956166642 482991.08068   -0.956395094    0.064772978   -0.284803239 4421169.27662   -0.047225243   -0.996562747   -0.068062241      0.23468
1506117912.596688   -0.289873147   -0.052536728    0.955622023 482991.32492   -0.955756162    0.068093461   -0.286170297 4421169.19702   -0.050037160   -0.996294722   -0.069950768      0.25713
